2.1280 -0.6031 18.1115
1.8553 -0.4320 17.8990
1.1607 -0.2421 18.0319
2.7911 -0.7951 17.9752
2.5416 -0.6244 17.7619
0.8742 -0.0746 17.8155
0.1639 0.1131 17.9556
1.5857 -0.2644 17.6792
2.2901 -0.4570 17.5375
3.2115 -0.8189 17.6131
2.9770 -0.6514 17.3827
-0.5395 0.3006 18.1085
-0.8403 0.4648 17.9015
-1.5409 0.6546 18.0795
-0.1275 0.2768 17.7432
0.5945 0.0884 17.5975
1.3177 -0.1015 17.4545
2.0332 -0.2937 17.3051
2.7304 -0.4875 17.1420
-1.8397 0.8183 17.8859
-2.5330 1.0125 18.0930
-1.1320 0.6265 17.7007
-0.4111 0.4367 17.5349
0.3184 0.2470 17.3814
1.0485 0.0565 17.2295
1.7685 -0.1351 17.0705
2.4683 -0.3277 16.8973
3.3984 -0.6817 16.9606
3.1371 -0.5201 16.7063
-2.8334 1.1793 17.9155
-3.5222 1.3785 18.1496
-2.1331 0.9817 17.7011
-1.4186 0.7864 17.5083
-0.6919 0.5934 17.3345
0.0420 0.4017 17.1715
0.7741 0.2103 17.0094
1.4937 0.0190 16.8397
2.1901 -0.1721 16.6560
2.8532 -0.3621 16.4551
-3.8323 1.5511 17.9870
-4.5247 1.7526 18.2375
-3.1343 1.3478 17.7482
-2.4263 1.1455 17.5279
-1.7055 0.9454 17.3276
-0.9744 0.7484 17.1450
-0.2393 0.5540 16.9720
0.4913 0.3613 16.7993
1.2062 0.1703 16.6183
1.8957 -0.0193 16.4238
2.5502 -0.2071 16.2139
3.4741 -0.5504 16.2377
3.1611 -0.3931 15.9902
-4.8536 1.9323 18.0845
-5.5564 2.1286 18.3330
-4.1499 1.7275 17.8337
-3.4415 1.5193 17.5925
-2.7251 1.3112 17.3672
-1.9981 1.1054 17.1600
-1.2643 0.9038 16.9687
-0.5292 0.7061 16.7857
0.1973 0.5120 16.6019
0.9060 0.3209 16.4100
1.5869 0.1325 16.2053
2.2320 -0.0538 15.9871
2.8326 -0.2382 15.7584
-5.9091 2.3125 18.1805
-6.6141 2.4905 18.4042
-5.1953 2.1162 17.9379
-4.4798 1.9083 17.6899
-3.7606 1.6949 17.4481
-3.0344 1.4805 17.2194
-2.3015 1.2687 17.0056
-1.5653 1.0621 16.8060
-0.8320 0.8612 16.6130
-0.1096 0.6653 16.4185
0.5925 0.4736 16.2157
1.2666 0.2852 16.0016
1.9044 0.0993 15.7761
2.4977 -0.0843 15.5434
3.3844 -0.4201 15.5242
3.0450 -0.2659 15.3077
-6.9880 2.6731 18.2428
-7.6679 2.8187 18.4257
-6.2789 2.5002 18.0301
-5.5560 2.3052 17.7969
-4.8279 2.0947 17.5547
-4.0955 1.8760 17.3142
-3.3588 1.6553 17.0832
-2.6194 1.4375 16.8642
-1.8810 1.2261 16.6562
-1.1489 1.0219 16.4532
-0.4301 0.8238 16.2477
0.2682 0.6307 16.0348
0.9387 0.4410 15.8120
1.5723 0.2543 15.5802
2.1633 0.0698 15.3433
2.7097 -0.1125 15.1058
3.5443 -0.4446 15.0749
3.2102 -0.2920 14.8731
-8.0540 2.9950 18.2477
-7.3806 2.8587 18.0775
-6.6717 2.6927 17.8794
-5.9403 2.5000 17.6590
-5.1969 2.2872 17.4251
-4.4492 2.0635 17.1884
-3.7013 1.8372 16.9567
-2.9558 1.6144 16.7330
-2.2144 1.3987 16.5167
-1.4818 1.1911 16.3034
-0.7624 0.9898 16.0870
-0.0638 0.7937 15.8642
0.6072 0.6014 15.6331
1.2418 0.4122 15.3954
1.8342 0.2257 15.1545
2.3834 0.0415 14.9149
2.8890 -0.1398 14.6807
3.6684 -0.4681 14.6482
3.3545 -0.3176 14.4553
-8.4603 3.1748 18.0607
-9.0716 3.2732 18.1925
-7.7979 3.0481 17.9057
-7.0911 2.8897 17.7250
-6.3483 2.6997 17.5202
-5.5871 2.4854 17.2979
-4.8241 2.2581 17.0678
-4.0658 2.0281 16.8369
-3.3125 1.8015 16.6086
-2.5658 1.5818 16.3833
-1.8280 1.3700 16.1590
-1.1035 1.1644 15.9320
-0.3991 0.9639 15.6993
0.2770 0.7673 15.4604
0.9169 0.5743 15.2166
1.5151 0.3843 14.9718
2.0706 0.1970 14.7292
2.5838 0.0131 14.4934
3.0589 -0.1669 14.2668
-9.6327 3.3514 18.3074
-10.0336 3.5224 18.0955
-10.5418 3.5844 18.1967
-9.4861 3.4496 17.9845
-8.8915 3.3587 17.8632
-8.2406 3.2408 17.7243
-7.5323 3.0891 17.5630
-6.7776 2.9025 17.3770
-6.0018 2.6894 17.1703
-5.2254 2.4616 16.9489
-4.4548 2.2298 16.7191
-3.6903 2.0002 16.4855
-2.9319 1.7760 16.2505
-2.1831 1.5588 16.0145
-1.4472 1.3474 15.7760
-0.7322 1.1410 15.5337
-0.0459 0.9387 15.2873
0.6030 0.7406 15.0378
1.2095 0.5460 14.7887
1.7739 0.3547 14.5437
2.2965 0.1677 14.3059
2.7815 -0.0145 14.0779
3.5010 -0.3418 14.0508
3.2357 -0.1911 13.8611
-10.9589 3.7615 17.9649
-11.4410 3.8180 18.0557
-10.4589 3.7017 17.8666
-9.9237 3.6319 17.7628
-9.3448 3.5462 17.6533
-8.7018 3.4348 17.5315
-7.9906 3.2891 17.3906
-7.2302 3.1089 17.2260
-6.4451 2.9005 17.0369
-5.6547 2.6749 16.8247
-4.8674 2.4427 16.5955
-4.0838 2.2098 16.3556
-3.3061 1.9801 16.1100
-2.5382 1.7560 15.8621
-1.7854 1.5374 15.6124
-1.0548 1.3237 15.3609
-0.3557 1.1147 15.1074
0.3044 0.9104 14.8526
0.9214 0.7103 14.6001
1.4951 0.5148 14.3527
2.0269 0.3248 14.1135
2.5222 0.1407 13.8845
2.9883 -0.0376 13.6671
3.6668 -0.3621 13.6565
3.4329 -0.2097 13.4621
-11.8865 4.0040 17.8016
-12.3652 4.0599 17.8903
-11.4050 3.9475 17.7138
-10.9096 3.8885 17.6199
-10.3857 3.8194 17.5283
-9.8140 3.7361 17.4305
-9.1760 3.6291 17.3259
-8.4669 3.4905 17.2050
-7.7076 3.3193 17.0611
-6.9162 3.1190 16.8887
-6.1084 2.8976 16.6854
-5.2961 2.6650 16.4553
-4.4838 2.4281 16.2083
-3.6764 2.1913 15.9524
-2.8822 1.9589 15.6930
-2.1072 1.7317 15.4330
-1.3589 1.5098 15.1732
-0.6444 1.2929 14.9136
0.0276 1.0818 14.6549
0.6538 0.8763 14.4003
1.2342 0.6775 14.1519
1.7737 0.4852 13.9118
2.2789 0.2992 13.6822
2.7561 0.1200 13.4648
3.2136 -0.0529 13.2601
3.8644 -0.3763 13.2696
3.6593 -0.2204 13.0679
-12.8595 4.1183 17.9878
-13.3177 4.3068 17.7279
-13.8124 4.3616 17.8364
-12.8249 4.2507 17.6231
-12.3526 4.1968 17.5304
-11.8764 4.1412 17.4447
-11.3814 4.0803 17.3611
-10.8641 4.0113 17.2797
-10.2968 3.9278 17.1964
-9.6611 3.8237 17.1064
-8.9614 3.6938 17.0019
-8.2082 3.5338 16.8751
-7.4078 3.3429 16.7158
-6.5783 3.1275 16.5191
-5.7297 2.8943 16.2857
-4.8727 2.6508 16.0313
-4.0246 2.4046 15.7670
-3.1988 2.1625 15.4989
-2.3999 1.9263 15.2308
-1.6329 1.6956 14.9645
-0.9043 1.4708 14.7004
-0.2223 1.2527 14.4402
0.4084 1.0432 14.1860
0.9911 0.8426 13.9379
1.5356 0.6493 13.6978
2.0483 0.4625 13.4684
2.5352 0.2828 13.2517
3.0041 0.1094 13.0475
3.4630 -0.0589 12.8554
-14.2669 4.5402 17.5756
-14.7271 4.5832 17.6773
-13.7742 4.4917 17.4643
-13.2843 4.4402 17.3525
-12.8237 4.3895 17.2574
-12.3567 4.3359 17.1722
-11.8678 4.2757 17.0936
-11.3540 4.2044 17.0257
-10.7826 4.1195 16.9536
-10.1582 4.0203 16.8721
-9.4737 3.8998 16.7781
-8.7213 3.7504 16.6609
-7.9133 3.5710 16.5094
-7.0551 3.3636 16.3104
-6.1441 3.1258 16.0722
-5.2199 2.8692 15.8155
-4.3277 2.6125 15.5476
-3.4718 2.3613 15.2743
-2.6511 2.1166 15.0003
-1.8668 1.8774 14.7289
-1.1249 1.6440 14.4626
-0.4387 1.4193 14.2069
0.1831 1.2104 13.9567
0.7608 1.0120 13.7080
1.3105 0.8173 13.4685
1.8277 0.6307 13.2413
2.3212 0.4516 13.0256
2.8000 0.2784 12.8218
3.2711 0.1095 12.6294
3.9182 -0.2235 12.6736
3.7401 -0.0564 12.4462
-15.1583 4.6224 17.7733
-15.6025 4.7830 17.5074
-15.9904 4.8106 17.6033
-15.1832 4.7525 17.4064
-14.7312 4.7183 17.2999
-14.2400 4.6774 17.1842
-13.7517 4.6285 17.0774
-13.2932 4.5779 16.9872
-12.8349 4.5268 16.9033
-12.3623 4.4685 16.8333
-11.8478 4.3967 16.7730
-11.2837 4.3163 16.6997
-10.6751 4.2227 16.6220
-9.9956 4.1090 16.5301
-9.2457 3.9706 16.4159
-8.4342 3.8052 16.2639
-7.5333 3.6136 16.0393
-6.4770 3.3437 15.8122
-5.4917 3.0730 15.5610
-4.5670 2.8086 15.2930
-3.6905 2.5512 15.0161
-2.8513 2.2989 14.7371
-2.0497 2.0510 14.4609
-1.2932 1.8069 14.1953
-0.6145 1.5731 13.9670
-0.0481 1.3898 13.7100
0.5487 1.1830 13.4593
1.0982 0.9880 13.2260
1.6113 0.8057 13.0003
2.1102 0.6279 12.7853
2.5977 0.4551 12.5813
3.0802 0.2859 12.3876
3.5626 0.1186 12.2023
-16.4072 4.9560 17.3371
-16.7679 4.9746 17.4427
-16.0349 4.9373 17.2321
-15.6307 4.9152 17.1256
-15.1886 4.8878 17.0170
-14.7018 4.8505 16.9086
-14.2166 4.8063 16.8094
-13.7618 4.7625 16.7151
-13.3181 4.7157 16.6311
-12.8725 4.6617 16.5679
-12.3641 4.5973 16.5016
-11.8058 4.5220 16.4243
-11.2002 4.4318 16.3464
-10.5328 4.3247 16.2577
-9.7915 4.1973 16.1434
-8.9971 4.0509 15.9897
-8.2356 3.9097 15.7979
-7.3725 3.6418 15.8329
-7.2403 3.6779 15.5960
-6.3420 3.3741 15.6051
-6.1597 3.3889 15.3790
-5.3535 3.0997 15.3525
-5.1975 3.1215 15.1242
-4.4358 2.8361 15.0812
-4.2879 2.8601 14.8503
-3.5616 2.5778 14.8013
-3.4151 2.6012 14.5675
-2.7228 2.3231 14.5200
-2.5760 2.3436 14.2823
-1.9202 2.0705 14.2417
-1.7674 2.0837 14.0008
-1.1559 1.8166 13.9773
-0.9578 1.8069 13.7228
-0.2393 1.5667 13.4221
0.3765 1.3410 13.2041
0.8766 1.1705 12.9720
1.3978 0.9872 12.7463
1.8982 0.8127 12.5309
2.3934 0.6410 12.3255
2.8870 0.4718 12.1292
3.3830 0.3027 11.9405
4.0476 -0.0485 12.0221
3.8821 0.1326 11.7561
-17.1795 5.1109 17.1742
-17.5598 5.1265 17.3000
-16.8085 5.0957 17.0623
-16.4523 5.0828 16.9553
-16.0591 5.0656 16.8505
-15.6240 5.0425 16.7462
-15.1472 5.0116 16.6398
-14.6948 4.9825 16.5265
-14.2560 4.9471 16.4306
-13.8141 4.9048 16.3468
-13.3802 4.8587 16.2747
-12.8795 4.8008 16.2036
-12.3365 4.7313 16.1288
-11.7239 4.6434 16.0491
-11.0819 4.5464 15.9617
-10.3551 4.4286 15.8489
-9.5685 4.2978 15.6894
-8.6778 4.1376 15.4809
-7.7148 3.9256 15.3046
-6.9601 3.6685 15.3694
-6.7546 3.6781 15.1345
-5.9707 3.4035 15.1457
-5.7961 3.4239 14.8972
-5.0311 3.1429 14.8846
-4.8610 3.1655 14.6288
-4.1260 2.8825 14.6061
-3.9547 2.9042 14.3442
-3.2530 2.6219 14.3189
-3.0814 2.6416 14.0513
-2.4139 2.3609 14.0292
-2.2437 2.3772 13.7580
-1.5990 2.0937 13.7428
-1.4395 2.1100 13.4689
-0.8260 1.8315 13.4545
-0.6790 1.8464 13.1895
-0.1164 1.5801 13.1913
0.0619 1.5726 12.9408
0.6842 1.3460 12.7070
1.1742 1.1814 12.4794
1.6846 1.0059 12.2636
2.1833 0.8381 12.0539
2.6894 0.6683 11.8532
3.2001 0.4967 11.6600
3.7139 0.3229 11.4706
-17.9561 5.2561 17.0194
-18.3477 5.2688 17.1622
-17.5905 5.2468 16.8876
-17.2318 5.2351 16.7767
-16.8808 5.2287 16.6602
-16.4948 5.2169 16.5537
-16.0763 5.2021 16.4452
-15.6330 5.1828 16.3350
-15.1851 5.1546 16.2337
-14.7525 5.1282 16.1269
-14.3235 5.0929 16.0432
-13.8805 5.0510 15.9686
-13.3925 4.9986 15.8966
-12.8631 4.9355 15.8227
-12.2826 4.8597 15.7396
-11.6279 4.7678 15.6457
-10.9185 4.6639 15.5237
-10.1637 4.5545 15.3516
-9.3140 4.4052 15.1892
-8.5162 4.1686 15.2729
-8.3735 4.1991 15.0539
-7.5507 3.9438 15.1025
-7.4014 3.9724 14.8665
-6.5842 3.7011 14.8931
-6.4247 3.7309 14.6321
-5.6247 3.4488 14.6393
-5.4545 3.4770 14.3646
-4.6843 3.1894 14.3613
-4.5033 3.2143 14.0773
-3.7733 2.9258 14.0693
-3.5890 2.9477 13.7774
-2.9019 2.6606 13.7713
-2.7215 2.6799 13.4768
-2.0697 2.3937 13.4762
-1.8963 2.4105 13.1839
-1.2770 2.1258 13.1897
-1.1101 2.1392 12.9049
-0.5175 1.8548 12.9226
-0.3568 1.8652 12.6499
0.1943 1.5913 12.6800
0.3742 1.5878 12.4214
0.9798 1.3661 12.2073
1.4521 1.2158 11.9830
1.9663 1.0478 11.7643
2.4886 0.8752 11.5586
3.0138 0.7007 11.3601
3.5410 0.5229 11.1648
-18.7103 5.3777 16.8804
-19.1202 5.3881 17.0387
-18.3270 5.3681 16.7391
-17.9708 5.3630 16.6068
-17.6207 5.3564 16.4924
-17.2829 5.3554 16.3720
-16.9121 5.3508 16.2589
-16.5113 5.3440 16.1442
-16.0798 5.3306 16.0328
-15.6394 5.3110 15.9252
-15.2050 5.2859 15.8284
-14.7837 5.2594 15.7363
-14.3743 5.2313 15.6503
-13.8830 5.1836 15.5837
-13.3823 5.1352 15.5083
-12.8140 5.0674 15.4204
-12.1905 4.9866 15.3252
-11.5272 4.8990 15.2039
-10.9123 4.8242 15.0481
-10.1266 4.6212 15.1351
-10.0902 4.6904 14.8943
-9.2196 4.4477 14.9885
-9.0767 4.4859 14.7494
-8.2393 4.2357 14.8229
-8.0914 4.2740 14.5625
-7.2536 4.0086 14.6110
-7.0922 4.0454 14.3294
-6.2599 3.7643 14.3572
-6.0841 3.7978 14.0612
-5.2734 3.5062 14.0769
-5.0781 3.5336 13.7684
-4.3102 3.2387 13.7790
-4.1132 3.2620 13.4627
-3.3977 2.9690 13.4742
-3.2088 2.9899 13.1588
-2.5361 2.6984 13.1747
-2.3534 2.7163 12.8643
-1.7183 2.4258 12.8867
-1.5413 2.4402 12.5852
-0.9384 2.1509 12.6181
-0.7668 2.1622 12.3301
-0.1899 1.8737 12.3767
-0.0273 1.8843 12.1073
0.5019 1.6106 12.1666
0.6659 1.6112 11.9333
1.2057 1.4436 11.6753
1.7493 1.2656 11.4556
2.2811 1.0933 11.2441
2.8209 0.9154 11.0390
3.3616 0.7327 10.8370
4.0664 0.3417 10.9683
3.8968 0.5461 10.6326
-19.4513 5.4910 16.7714
-19.8754 5.4956 16.9507
-19.0498 5.4837 16.6101
-18.6797 5.4785 16.4627
-18.3270 5.4750 16.3320
-18.0089 5.4739 16.2184
-17.6750 5.4760 16.0960
-17.3242 5.4781 15.9753
-16.9354 5.4768 15.8565
-16.4982 5.4682 15.7415
-16.0857 5.4594 15.6239
-15.6555 5.4418 15.5184
-15.2485 5.4214 15.4246
-14.8331 5.3970 15.3349
-14.3822 5.3639 15.2568
-13.8972 5.3250 15.1790
-13.3440 5.2673 15.0909
-12.7372 5.1975 14.9936
-12.1043 5.1217 14.8774
-11.4079 5.0343 14.7271
-10.6959 4.9548 14.5006
-9.9017 4.7247 14.6504
-9.7165 4.7617 14.3855
-8.9175 4.5253 14.4926
-8.7501 4.5655 14.2140
-7.9307 4.3151 14.2846
-7.7547 4.3553 13.9822
-6.9183 4.0838 14.0334
-6.7201 4.1188 13.7093
-5.8859 3.8294 13.7483
-5.6658 3.8552 13.4113
-4.8663 3.5582 13.4443
-4.6611 3.5815 13.1075
-3.9119 3.2844 13.1380
-3.7225 3.3070 12.8052
-3.0160 3.0097 12.8382
-2.8309 3.0287 12.5115
-2.1677 2.7327 12.5505
-1.9867 2.7482 12.2337
-1.3618 2.4536 12.2826
-1.1844 2.4661 11.9795
-0.5912 2.1724 12.0426
-0.4108 2.1808 11.7555
0.1523 1.8887 11.8384
0.3622 1.8840 11.5608
1.0086 1.6523 11.3557
1.5132 1.4983 11.1283
2.0636 1.3231 10.9065
2.6209 1.1393 10.6947
3.1737 0.9512 10.4847
3.7169 0.7587 10.2712
-20.2114 5.5932 16.6898
-20.6557 5.5951 16.8780
-19.7963 5.5911 16.5076
-19.3996 5.5870 16.3402
-19.0333 5.5840 16.1883
-18.6926 5.5858 16.0473
-18.3910 5.5928 15.9142
-18.0727 5.6000 15.7823
-17.7385 5.6063 15.6590
-17.3695 5.6109 15.5369
-16.9549 5.6118 15.4112
-16.5301 5.6065 15.2921
-16.1192 5.5933 15.1922
-15.6993 5.5770 15.0917
-15.3022 5.5593 14.9958
-14.8856 5.5353 14.9116
-14.3836 5.4980 14.8383
-13.8515 5.4521 14.7508
-13.2681 5.3974 14.6511
-12.6327 5.3312 14.5285
-11.9469 5.2605 14.3553
-11.2633 5.1917 14.1298
-10.5021 4.9839 14.2681
-10.3149 5.0153 14.0179
-9.5462 4.7986 14.1281
-9.3719 4.8410 13.8346
-8.5792 4.6097 13.9163
-8.3861 4.6521 13.5885
-7.5642 4.3968 13.6594
-7.3488 4.4328 13.3073
-6.4993 4.1501 13.3677
-6.2747 4.1735 13.0192
-5.4462 3.8793 13.0686
-5.2610 3.9048 12.7323
-4.4651 3.6062 12.7687
-4.2958 3.6348 12.4233
-3.5321 3.3287 12.4693
-3.3490 3.3488 12.1278
-2.6429 3.0461 12.1829
-2.4613 3.0624 11.8522
-1.8039 2.7628 11.9167
-1.6278 2.7777 11.5999
-1.0043 2.4783 11.6772
-0.8287 2.4918 11.3753
-0.2263 2.1893 11.4678
-0.0545 2.2047 11.1814
0.5049 1.9140 11.2819
0.6804 1.9204 11.0297
1.2573 1.7480 10.7673
1.8423 1.5589 10.5438
2.4100 1.3716 10.3248
2.9734 1.1779 10.1042
3.5249 0.9781 9.8809
4.2426 0.5631 10.0524
4.0534 0.7744 9.6551
-20.9906 5.6909 16.6101
-20.5536 5.6914 16.4147
-20.1443 5.6898 16.2320
-19.7537 5.6877 16.0615
-19.3798 5.6874 15.8966
-19.0597 5.6929 15.7494
-18.7669 5.7056 15.5975
-18.4628 5.7158 15.4622
-18.1230 5.7241 15.3349
-17.7794 5.7357 15.1992
-17.3939 5.7415 15.0734
-16.9888 5.7419 14.9547
-16.5733 5.7360 14.8493
-16.1698 5.7247 14.7551
-15.7614 5.7084 14.6561
-15.3300 5.6851 14.5741
-14.8602 5.6597 14.4904
-14.3365 5.6231 14.3992
-13.7855 5.5829 14.2928
-13.1419 5.5270 14.1638
-12.4737 5.4680 13.9890
-11.7984 5.4101 13.7421
-11.0660 5.2202 13.8881
-10.8773 5.2538 13.6226
-10.1345 5.0538 13.7413
-9.9578 5.0982 13.4310
-9.1917 4.8866 13.5180
-9.0147 4.9362 13.1664
-8.1891 4.6954 13.2428
-7.9707 4.7218 12.9070
-7.1209 4.4584 12.9636
-6.9298 4.4788 12.6466
-6.0844 4.1978 12.6940
-5.9433 4.2229 12.3969
-5.1079 3.9399 12.3925
-5.0104 3.9941 12.0112
-4.1192 3.6613 12.0697
-3.9219 3.6759 11.7121
-3.1593 3.3656 11.7850
-2.9794 3.3811 11.4425
-2.2815 3.0782 11.5222
-2.1126 3.0952 11.1925
-1.4534 2.7934 11.2837
-1.2860 2.8109 10.9676
-0.6531 2.5070 11.0733
-0.4770 2.5227 10.7690
0.1311 2.2160 10.8938
0.3451 2.2192 10.5918
1.0445 1.9777 10.3855
1.5983 1.8050 10.1538
2.1835 1.6102 9.9258
2.7563 1.4128 9.6858
3.3247 1.1990 9.4581
3.8525 0.9865 9.2336
-21.3292 5.7847 16.3296
-20.8977 5.7858 16.1313
-20.4791 5.7841 15.9440
-20.0883 5.7836 15.7695
-19.7347 5.7846 15.6073
-19.3995 5.7921 15.4439
-19.1098 5.8048 15.2917
-18.8230 5.8193 15.1445
-18.4997 5.8315 15.0076
-18.1659 5.8451 14.8698
-17.7968 5.8546 14.7415
-17.4026 5.8588 14.6238
-16.9972 5.8550 14.5252
-16.6018 5.8503 14.4182
-16.1953 5.8383 14.3208
-15.7719 5.8237 14.2253
-15.3009 5.8038 14.1397
-14.7975 5.7783 14.0366
-14.2554 5.7483 13.9202
-13.6417 5.7049 13.7898
-12.9626 5.6512 13.6154
-12.2975 5.6005 13.3733
-11.5998 5.4372 13.4963
-11.4131 5.4702 13.2264
-10.7032 5.2942 13.3287
-10.5543 5.3427 13.0121
-9.7872 5.1476 13.0880
-9.6334 5.1884 12.7752
-8.8040 4.9670 12.8343
-8.6248 4.9952 12.5160
-7.7776 4.7451 12.5912
-7.6071 4.7623 12.2983
-6.7562 4.5016 12.3296
-6.5885 4.5219 11.9701
-5.6259 4.3166 11.4986
-4.7409 3.9934 11.6237
-4.5158 3.9953 11.2613
-3.7180 3.6861 11.3577
-3.5390 3.6985 11.0072
-2.8039 3.3967 11.1013
-2.6448 3.4146 10.7605
-1.9478 3.1138 10.8635
-1.7948 3.1351 10.5337
-1.1208 2.8307 10.6500
-0.9653 2.8543 10.3290
-0.3012 2.5415 10.4591
-0.1451 2.5697 10.1407
0.4885 2.2609 10.2719
0.6727 2.2777 9.9576
1.3656 2.0387 9.7463
1.9165 1.8638 9.4888
2.5250 1.6593 9.1984
3.1463 1.3969 9.0329
3.6175 1.2078 8.7856
4.3380 0.7832 8.9875
4.1072 0.9984 8.5173
-21.2315 5.8737 15.8511
-20.8193 5.8720 15.6636
-20.4227 5.8728 15.4787
-20.0665 5.8759 15.3092
-19.7418 5.8842 15.1435
-19.4471 5.8964 14.9858
-19.1621 5.9130 14.8272
-18.8491 5.9268 14.6871
-18.5125 5.9397 14.5529
-18.1495 5.9502 14.4276
-17.7802 5.9599 14.3029
-17.3922 5.9621 14.1911
-16.9939 5.9572 14.0917
-16.5924 5.9513 13.9873
-16.1779 5.9438 13.8837
-15.7104 5.9310 13.7906
-15.2248 5.9159 13.6754
-14.6854 5.8939 13.5500
-14.0718 5.8587 13.4098
-13.4276 5.8153 13.2389
-12.8278 5.7770 13.0225
-12.1397 5.6351 13.1232
-12.0608 5.6844 12.8617
-11.3073 5.5223 12.9310
-11.2475 5.5765 12.6475
-10.4371 5.3919 12.7003
-10.3414 5.4402 12.3925
-9.4836 5.2273 12.4496
-9.3562 5.2635 12.1366
-8.4473 5.0179 12.2026
-8.2014 5.0205 11.8398
-7.1550 4.8011 11.4279
-6.2389 4.6087 11.0122
-5.3548 4.3049 11.1486
-5.1335 4.3002 10.7988
-4.3118 4.0000 10.9085
-4.1411 4.0096 10.5536
-3.3725 3.7133 10.6579
-3.2277 3.7314 10.3073
-2.4945 3.4353 10.4193
-2.3603 3.4591 10.0768
-1.6487 3.1598 10.2018
-1.5169 3.1883 9.8662
-0.8184 2.8828 10.0033
-0.6863 2.9156 9.6708
0.0039 2.6012 9.8159
0.1331 2.6382 9.4798
0.7909 2.3266 9.6224
0.9483 2.3495 9.2827
1.6298 2.1144 9.0361
2.1236 1.9644 8.7219
2.6631 1.6712 8.8892
2.8055 1.6677 8.5694
3.3742 1.4242 8.3134
3.8521 1.2278 7.9726
-21.1373 5.9552 15.3717
-20.7516 5.9561 15.1861
-20.3928 5.9608 15.0066
-20.0738 5.9694 14.8366
-19.7719 5.9808 14.6739
-19.4808 5.9958 14.5196
-19.1684 6.0093 14.3796
-18.8349 6.0228 14.2454
-18.4842 6.0357 14.1157
-18.1359 6.0496 13.9803
-17.7566 6.0547 13.8665
-17.3678 6.0545 13.7594
-16.9762 6.0539 13.6503
-16.5416 6.0468 13.5545
-16.1043 6.0450 13.4422
-15.6033 6.0340 13.3260
-15.0651 6.0197 13.1910
-14.4718 5.9955 13.0349
-13.8458 5.9637 12.8488
-13.1604 5.9139 12.6505
-12.4054 5.8438 12.4288
-11.5876 5.7466 12.1725
-10.6826 5.6143 11.9060
-9.6991 5.4453 11.6133
-8.6916 5.2495 11.2908
-7.7351 5.0542 10.9317
-6.8641 4.8767 10.5409
-5.9842 4.5944 10.6780
-5.7792 4.5884 10.3326
-4.9414 4.3020 10.4465
-4.7844 4.3099 10.0877
-3.9886 4.0232 10.1970
-3.8598 4.0403 9.8382
-3.0956 3.7527 9.9553
-2.9821 3.7771 9.6011
-2.2371 3.4865 9.7313
-2.1312 3.5172 9.3815
-1.3969 3.2209 9.5251
-1.2945 3.2568 9.1758
-0.5680 2.9524 9.3290
-0.4690 2.9923 8.9747
0.2513 2.6768 9.1323
0.3429 2.7207 8.7667
1.0275 2.4074 8.9158
1.1356 2.4399 8.5449
1.7306 2.2304 8.3004
2.2494 1.9673 8.4308
2.2851 2.0064 8.0963
2.8596 1.7090 8.1979
2.9297 1.7382 7.7816
3.5067 1.4891 7.4671
3.9749 1.2161 7.6287
4.4136 0.9525 7.7833
-21.0716 6.0343 14.8851
-20.7224 6.0382 14.7074
-20.3942 6.0442 14.5375
-20.0853 6.0559 14.3643
-19.7956 6.0703 14.2139
-19.4874 6.0851 14.0727
-19.1566 6.0998 13.9348
-18.8083 6.1133 13.8032
-18.4618 6.1277 13.6676
-18.0926 6.1356 13.5493
-17.7142 6.1390 13.4375
-17.3104 6.1385 13.3367
-16.8925 6.1390 13.2273
-16.4443 6.1406 13.1134
-15.9599 6.1379 12.9820
-15.4362 6.1325 12.8329
-14.8757 6.1213 12.6578
-14.2431 6.0959 12.4615
-13.5499 6.0546 12.2389
-12.8008 5.9928 11.9997
-11.9951 5.9068 11.7323
-11.1098 5.7881 11.4358
-10.1796 5.6363 11.1317
-9.2318 5.4614 10.8109
-8.3241 5.2834 10.4663
-7.5093 5.1239 10.0887
-6.6355 4.8644 10.2138
-6.4660 4.8626 9.8679
-5.6077 4.5906 9.9790
-5.4695 4.5972 9.6161
-4.6482 4.3222 9.7257
-4.5371 4.3373 9.3604
-3.7469 4.0609 9.4773
-3.6557 4.0841 9.1134
-2.8828 3.8050 9.2433
-2.8037 3.8356 8.8804
-2.0391 3.5514 9.0250
-1.9678 3.5883 8.6591
-1.2078 3.2963 8.8159
-1.1421 3.3379 8.4416
-0.3863 3.0352 8.6055
-0.3249 3.0793 8.2167
0.4231 2.7639 8.3857
0.4867 2.8059 7.9835
1.1778 2.4960 8.1602
1.3045 2.5003 7.7778
1.9978 2.2247 7.5354
2.4582 2.0533 7.2104
2.9963 1.7653 7.3825
3.0557 1.7772 7.0448
3.5679 1.5006 7.1334
4.1019 1.1955 7.2687
3.5780 1.5382 6.7305
4.1588 1.2152 6.8505
-21.0298 6.1076 14.4131
-20.6927 6.1125 14.2423
-20.3759 6.1197 14.0823
-20.0791 6.1343 13.9259
-19.7753 6.1510 13.7799
-19.4503 6.1674 13.6371
-19.1115 6.1828 13.4979
-18.7610 6.1960 13.3680
-18.3947 6.2049 13.2547
-18.0174 6.2096 13.1432
-17.6148 6.2123 13.0379
-17.1845 6.2154 12.9276
-16.7479 6.2234 12.7996
-16.2902 6.2292 12.6496
-15.7726 6.2311 12.4882
-15.2240 6.2282 12.2981
-14.6126 6.2121 12.0832
-13.9344 6.1786 11.8444
-13.1845 6.1229 11.5940
-12.4079 6.0505 11.3047
-11.5716 5.9469 10.9938
-10.6759 5.8081 10.6822
-9.7719 5.6491 10.3605
-8.9159 5.4885 10.0245
-8.1722 5.3444 9.6938
-7.3304 5.1188 9.7667
-7.2422 5.1330 9.3996
-6.3259 4.8673 9.5085
-6.1913 4.8686 9.1413
-5.3485 4.6070 9.2495
-5.2511 4.6181 8.8799
-4.4431 4.3553 8.9923
-4.3720 4.3755 8.6211
-3.5805 4.1103 8.7451
-3.5270 4.1384 8.3713
-2.7414 3.8691 8.5098
-2.7008 3.9039 8.1300
-1.9150 3.6279 8.2817
-1.8856 3.6682 7.8902
-1.0963 3.3819 8.0501
-1.0750 3.4268 7.6368
-0.2783 3.1255 7.7993
-0.2480 3.1729 7.3359
0.5663 2.8364 7.5670
0.6720 2.8513 7.1414
1.3889 2.5247 7.3548
1.5345 2.5101 6.9359
1.9801 2.3506 6.5475
2.1226 2.2530 6.8902
2.4789 2.0879 6.8432
2.7276 1.9940 6.4924
2.8937 1.9400 5.9808
3.1850 1.7743 6.3643
4.2379 1.2187 6.3995
3.5095 1.6175 6.2364
3.7439 1.5118 5.9714
4.1104 1.3201 5.9852
3.9244 1.4305 5.6714
4.5063 1.1151 5.8865
4.2033 1.2867 5.5755
-20.9757 6.1732 13.9642
-20.6443 6.1801 13.8008
-20.3469 6.1923 13.6472
-20.0402 6.2087 13.4978
-19.7088 6.2249 13.3586
-19.3736 6.2405 13.2190
-19.0275 6.2534 13.0909
-18.6647 6.2627 12.9788
-18.2771 6.2684 12.8751
-17.8940 6.2772 12.7552
-17.4774 6.2860 12.6318
-17.0469 6.2990 12.4932
-16.5910 6.3098 12.3330
-16.0805 6.3181 12.1569
-15.5377 6.3200 11.9507
-14.9398 6.3108 11.7193
-14.2785 6.2843 11.4654
-13.5607 6.2385 11.1914
-12.8122 6.1738 10.8868
-12.0021 6.0781 10.5706
-11.1490 5.9544 10.2514
-10.2915 5.8120 9.9260
-9.4644 5.6617 9.5980
-8.6515 5.5013 9.2688
-7.8942 5.3491 8.8992
-7.0467 5.1193 9.0281
-6.9171 5.1148 8.6658
-6.0742 4.8721 8.7725
-5.9882 4.8779 8.4014
-5.1726 4.6317 8.5073
-5.1171 4.6464 8.1316
-4.3185 4.3977 8.2451
-4.2862 4.4202 7.8649
-3.4917 4.1682 7.9904
-3.4774 4.1971 7.6025
-2.6799 3.9400 7.7403
-2.6823 3.9746 7.3408
-1.8785 3.7101 7.4858
-1.9013 3.7511 7.0710
-1.0850 3.4760 7.2099
-1.1496 3.5312 6.7848
-0.4511 3.2949 6.8951
-0.0415 3.1480 6.9445
0.1638 3.0846 6.8204
0.8534 2.8178 6.7829
0.7785 2.8769 6.3562
1.4366 2.5934 6.5334
1.0334 2.7877 5.8561
1.4154 2.6183 6.2742
2.2207 2.2547 6.2988
1.8003 2.4565 6.0561
2.1155 2.2793 5.0129
2.0096 2.3602 5.5642
2.3716 2.1909 5.3593
2.6535 2.0640 5.5573
3.2650 1.7639 5.5721
2.6753 2.0437 5.3001
2.9234 1.9005 4.9967
3.4488 1.6683 5.2653
3.9178 1.4285 5.2497
3.6482 1.5748 5.4411
3.4137 1.6327 4.7500
3.9171 1.4013 4.9170
4.4287 1.1678 5.4877
4.7994 0.9595 5.3035
4.3614 1.1994 5.2730
4.2616 1.2360 5.0505
4.4653 1.1154 4.9435
-21.2427 6.2279 13.7105
-20.9052 6.2346 13.5462
-20.5935 6.2465 13.3825
-20.2794 6.2610 13.2339
-19.9431 6.2755 13.0953
-19.6073 6.2897 12.9609
-19.2684 6.3027 12.8346
-18.9072 6.3131 12.7250
-18.5335 6.3236 12.6126
-18.1484 6.3357 12.4897
-17.7484 6.3493 12.3525
-17.3224 6.3663 12.2026
-16.8581 6.3803 12.0321
-16.3617 6.3935 11.8381
-15.8301 6.4003 11.6154
-15.2417 6.3962 11.3683
-14.6011 6.3766 11.0983
-13.9165 6.3373 10.8012
-13.1838 6.2763 10.4868
-12.4042 6.1899 10.1635
-11.5936 6.0791 9.8364
-10.7754 5.9493 9.5082
-9.9702 5.8075 9.1799
-9.2047 5.6632 8.8446
-8.5383 5.5327 8.5102
-7.7503 5.3397 8.5705
-7.6961 5.3457 8.2028
-6.8231 5.1160 8.3005
-6.7347 5.1131 7.9299
-5.9200 4.8854 8.0278
-5.8728 4.8921 7.6527
-5.0788 4.6620 7.7526
-5.0606 4.6762 7.3712
-4.2706 4.4428 7.4790
-4.2737 4.4621 7.0895
-3.4807 4.2252 7.2074
-3.5025 4.2482 6.8077
-2.7044 4.0073 6.9336
-2.7466 4.0336 6.5225
-1.9486 3.7901 6.6521
-2.0129 3.8191 6.2335
-1.2178 3.5737 6.3666
-0.4006 3.3036 6.5005
-1.3245 3.6116 5.9481
-0.6212 3.3928 5.9852
0.3876 3.0128 6.6758
0.1903 3.1027 6.4199
-0.0357 3.1915 6.1328
0.2509 3.0917 5.9426
0.6049 2.9609 5.9598
0.4863 2.9836 5.2882
1.2470 2.6940 5.4791
1.5302 2.5800 5.7407
1.3956 2.6198 5.2421
1.6397 2.5041 5.1150
1.4500 2.5073 4.5539
1.9792 2.2927 4.6436
2.3300 2.1450 4.7126
2.5941 2.0079 4.6179
2.9288 1.8618 4.6886
2.7525 1.8924 4.4007
3.1790 1.6799 4.3593
3.5259 1.5353 4.4817
3.4406 1.5186 4.2092
4.0377 1.2994 4.6248
3.8699 1.3099 4.2316
4.2198 1.1624 4.3702
4.0873 1.1642 4.1022
4.6411 0.9361 4.3781
4.3223 0.9847 3.9374
4.0247 0.7621 3.0343
4.2070 0.8296 3.3633
4.5711 0.6110 3.3313
4.8582 0.5767 3.6188
-21.1575 6.2878 13.3014
-20.8262 6.2966 13.1463
-20.4947 6.3103 12.9857
-20.1649 6.3234 12.8448
-19.8308 6.3356 12.7150
-19.4982 6.3485 12.5922
-19.1448 6.3607 12.4811
-18.7679 6.3738 12.3677
-18.3809 6.3891 12.2386
-17.9841 6.4061 12.0920
-17.5471 6.4256 11.9307
-17.1051 6.4438 11.7441
-16.6129 6.4602 11.5351
-16.0981 6.4715 11.2950
-15.5126 6.4704 11.0335
-14.9142 6.4576 10.7371
-14.2428 6.4215 10.4269
-13.5273 6.3644 10.1042
-12.7794 6.2853 9.7721
-12.0065 6.1841 9.4389
-11.2250 6.0648 9.1082
-10.4577 5.9346 8.7774
-9.7249 5.8003 8.4433
-9.0069 5.6583 8.1010
-8.3412 5.5225 7.7117
-7.5470 5.3281 7.8288
-7.4508 5.3161 7.4706
-6.6631 5.1113 7.5599
-6.6208 5.1098 7.1919
-5.8430 4.8992 7.2759
-5.8321 4.9035 6.8986
-5.0570 4.6886 6.9864
-5.0683 4.6961 6.6004
-4.2906 4.4781 6.6957
-4.3197 4.4864 6.3008
-3.5378 4.2659 6.4037
-3.5828 4.2732 5.9992
-2.7994 4.0516 6.1091
-2.8550 4.0543 5.6951
-2.0794 3.8350 5.8135
-2.1235 3.8250 5.3912
-1.2465 3.5776 5.5491
-0.4552 3.3289 5.5814
-0.9100 3.4855 5.7645
-1.4192 3.5928 5.0757
-0.7485 3.3931 5.0924
0.3320 3.0609 5.6769
0.0390 3.1587 5.4318
-0.2176 3.2284 5.1861
-0.0234 3.1412 4.9965
0.9838 2.7874 5.1812
1.0674 2.7190 4.8747
0.6986 2.8835 5.0283
0.2442 3.0147 4.7780
0.6047 2.8482 4.5528
0.9643 2.7129 4.5652
0.7230 2.7504 4.2941
1.1116 2.5730 4.1915
1.4676 2.4406 4.2548
1.2974 2.4413 3.9852
1.9963 2.2189 4.3075
1.6527 2.2771 3.9425
2.7233 1.8030 3.9804
2.3734 2.0100 4.1386
2.0006 2.1088 3.8891
2.1345 1.9777 3.6695
3.5170 1.3907 3.8848
3.1684 1.5861 3.9526
2.4285 1.7871 3.5238
2.9705 1.6196 3.7631
2.9923 1.5139 3.5142
3.6414 1.1965 3.5326
2.9781 1.4124 3.2561
3.2086 1.2654 3.1803
4.2716 0.9064 3.6352
3.9344 1.0043 3.4259
3.5994 1.0793 3.2057
3.7699 0.9416 3.1090
3.0747 0.9772 2.5355
3.2364 1.0919 2.8698
3.5246 0.8942 2.7880
4.4670 0.4666 2.9601
3.7543 0.7448 2.7504
3.6648 0.6254 2.4859
4.5100 0.3157 2.7477
3.8296 0.4255 2.3164
4.1552 0.3783 2.5212
4.5964 0.1534 2.5725
4.0199 0.2278 2.1851
-21.0630 6.3515 12.9091
-20.7181 6.3623 12.7488
-20.3817 6.3725 12.6104
-20.0525 6.3841 12.4827
-19.7152 6.3957 12.3729
-19.3639 6.4098 12.2602
-18.9908 6.4262 12.1381
-18.6184 6.4450 11.9989
-18.2018 6.4632 11.8434
-17.7774 6.4833 11.6679
-17.3262 6.5038 11.4697
-16.8539 6.5235 11.2444
-16.3369 6.5368 10.9905
-15.7873 6.5397 10.7059
-15.1918 6.5273 10.3956
-14.5404 6.4946 10.0703
-13.8465 6.4405 9.7359
-13.1262 6.3660 9.3971
-12.3870 6.2722 9.0606
-11.6450 6.1632 8.7266
-10.9161 6.0434 8.3920
-10.2120 5.9171 8.0512
-9.5501 5.7906 7.6929
-8.9677 5.6751 7.3055
-8.2224 5.5058 7.3837
-8.1547 5.4933 7.0500
-7.3912 5.3088 7.1164
-7.3600 5.3007 6.7593
-6.5984 5.1081 6.8229
-6.5920 5.1024 6.4535
-5.8342 4.9047 6.5197
-5.8470 4.8995 6.1415
-5.0895 4.6983 6.2128
-5.1176 4.6914 5.8262
-4.3570 4.4874 5.9039
-4.3970 4.4760 5.5085
-3.6319 4.2699 5.5927
-3.6791 4.2506 5.1869
-2.9065 4.0419 5.2783
-2.9529 4.0098 4.8588
-2.1750 3.8000 4.9548
-2.1870 3.7418 4.5132
-1.3529 3.5294 4.6769
-0.6095 3.3055 4.7469
-1.0351 3.4634 4.8934
-1.2215 3.4483 4.4356
0.0148 3.0053 4.2740
-0.2931 3.1575 4.4998
-0.8159 3.2724 4.2212
-0.4781 3.1131 4.0143
0.6069 2.6927 3.8973
0.2971 2.8564 4.0668
-0.1530 2.9490 3.8263
0.1635 2.7817 3.6502
1.3042 2.3195 3.6141
0.9251 2.5196 3.7406
0.4906 2.6025 3.4939
0.7997 2.4268 3.3485
1.7155 2.0505 3.3677
1.0574 2.2708 3.2255
1.3176 2.1123 3.1094
2.3973 1.6590 3.1820
2.0458 1.8576 3.2599
1.6397 1.9211 3.0022
2.0492 1.6806 2.8866
2.6429 1.4151 2.9200
2.0598 1.5975 2.7352
2.0415 1.4889 2.5282
2.6445 1.3067 2.7183
2.3019 1.2658 2.3649
2.6591 1.2269 2.5930
2.4503 1.0882 2.2094
2.9982 0.8816 2.3258
2.7990 0.8386 2.1115
3.3633 0.6129 2.2161
3.1507 0.5681 1.9906
3.3811 0.3264 1.8205
4.2585 0.0038 2.0440
3.6292 0.1030 1.6825
4.4980 -0.2079 1.9113
3.8790 -0.1044 1.5596
4.7335 -0.4039 1.7892
4.1293 -0.2971 1.4484
-20.9432 6.4123 12.5212
-20.5939 6.4195 12.3955
-20.2642 6.4304 12.2740
-19.9124 6.4417 12.1673
-19.5664 6.4580 12.0482
-19.2094 6.4775 11.9169
-18.8230 6.4980 11.7698
-18.4226 6.5186 11.6043
-18.0016 6.5410 11.4180
-17.5601 6.5642 11.2070
-17.0761 6.5851 10.9673
-16.5825 6.6008 10.6962
-16.0425 6.6037 10.3942
-15.4452 6.5899 10.0695
-14.8036 6.5570 9.7317
-14.1336 6.5054 9.3868
-13.4431 6.4356 9.0420
-12.7406 6.3487 8.7011
-12.0396 6.2484 8.3621
-11.3521 6.1382 8.0220
-10.6929 6.0228 7.6764
-10.0845 5.9086 7.3243
-9.5648 5.8050 6.9861
-8.8900 5.6616 7.0016
-8.8885 5.6568 6.6719
-8.1207 5.4840 6.7077
-8.0960 5.4699 6.3592
-7.3442 5.2913 6.3997
-7.3398 5.2769 6.0395
-6.5956 5.0930 6.0834
-6.6061 5.0763 5.7149
-5.8665 4.8883 5.7629
-5.8891 4.8675 5.3868
-5.1500 4.6761 5.4395
-5.1813 4.6484 5.0551
-4.4384 4.4536 5.1126
-4.4763 4.4161 4.7194
-3.7250 4.2173 4.7808
-3.7692 4.1672 4.3785
-3.0011 3.9619 4.4398
-3.0695 3.9014 4.0312
-2.3430 3.7043 4.0833
-1.6899 3.5245 4.1301
-2.4013 3.6215 3.6847
-1.6081 3.4081 3.7702
-0.9459 3.1972 3.7610
-1.2697 3.3575 3.9641
-1.7061 3.3051 3.3477
-0.9151 3.0770 3.4207
-0.2828 2.8584 3.4121
-0.5778 3.0266 3.5979
-1.0400 2.9677 3.0257
-0.2676 2.7289 3.0978
0.3512 2.4957 3.0934
0.0699 2.6763 3.2662
-0.4180 2.6227 2.7364
0.2407 2.4015 2.7937
0.8623 2.1935 2.8777
0.1785 2.2818 2.5051
0.9089 2.0424 2.6140
1.5115 1.7987 2.6458
1.2285 1.9913 2.7755
0.7775 1.9358 2.3186
1.4087 1.7136 2.4108
1.3147 1.6266 2.1912
1.8487 1.4391 2.2885
1.7449 1.3736 2.1089
1.7866 1.1968 1.8852
2.1743 0.9071 1.7539
2.4755 0.6533 1.6145
2.7454 0.4170 1.4738
3.0119 0.1974 1.3471
3.2789 -0.0062 1.2336
3.5488 -0.1955 1.1306
4.3843 -0.4779 1.3470
3.8263 -0.3743 1.0357
4.6481 -0.6506 1.2522
4.1146 -0.5468 0.9441
-21.1525 6.4621 12.3056
-20.7955 6.4672 12.1938
-20.4567 6.4759 12.0856
-20.1131 6.4897 11.9688
-19.7750 6.5081 11.8430
-19.4173 6.5291 11.7051
-19.0321 6.5516 11.5492
-18.6320 6.5743 11.3753
-18.2139 6.5984 11.1788
-17.7704 6.6218 10.9557
-17.3010 6.6443 10.7017
-16.8019 6.6590 10.4163
-16.2523 6.6597 10.1004
-15.6595 6.6443 9.7627
-15.0355 6.6119 9.4119
-14.3924 6.5625 9.0565
-13.7353 6.4968 8.7048
-13.0725 6.4164 8.3577
-12.4139 6.3240 8.0129
-11.7696 6.2223 7.6683
-11.1514 6.1153 7.3235
-10.5689 6.0057 6.9823
-9.9983 5.8891 6.6497
-9.4871 5.7761 6.3183
-8.8245 5.6350 6.3311
-8.8356 5.6221 5.9880
-8.0840 5.4536 6.0071
-8.0736 5.4305 5.6562
-7.3402 5.2576 5.6790
-7.3448 5.2309 5.3208
-6.6196 5.0531 5.3468
-6.6341 5.0204 4.9813
-5.9127 4.8381 5.0109
-5.9342 4.7969 4.6376
-5.2122 4.6100 4.6711
-5.2377 4.5575 4.2909
-4.5121 4.3659 4.3280
-4.5421 4.3001 3.9426
-3.8137 4.1038 3.9812
-3.8502 4.0232 3.5951
-3.1272 3.8235 3.6347
-3.1651 3.7256 3.2541
-2.4436 3.5194 3.2960
-2.4810 3.4049 2.9285
-1.7645 3.1907 2.9738
-1.8121 3.0676 2.6274
-1.1132 2.8485 2.6785
-1.1681 2.7230 2.3627
-0.4911 2.5033 2.4270
-0.5436 2.3775 2.1436
0.1205 2.1577 2.2253
0.0811 2.0316 1.9742
0.7242 1.8230 2.0816
0.7328 1.6970 1.8827
1.2622 1.5393 2.0097
0.8057 1.5001 1.6390
1.2645 1.4608 1.8948
1.2779 1.2177 1.5632
1.5588 0.9796 1.4276
1.8474 0.7347 1.2855
2.1351 0.5020 1.1533
2.4209 0.2861 1.0337
2.7078 0.0866 0.9261
2.9992 -0.0994 0.8271
3.2989 -0.2766 0.7329
3.6089 -0.4491 0.6394
4.4135 -0.7161 0.8527
3.9277 -0.6195 0.5423
4.7221 -0.8841 0.7578
4.2535 -0.7886 0.4396
-20.9884 6.5153 12.0072
-20.6450 6.5244 11.8990
-20.3129 6.5396 11.7752
-19.9665 6.5589 11.6419
-19.6036 6.5813 11.4949
-19.2227 6.6045 11.3318
-18.8285 6.6291 11.1521
-18.4090 6.6540 10.9458
-17.9584 6.6773 10.7086
-17.4829 6.6988 10.4405
-16.9763 6.7112 10.1441
-16.4328 6.7103 9.8194
-15.8503 6.6939 9.4685
-15.2472 6.6618 9.1046
-14.6331 6.6144 8.7405
-14.0119 6.5527 8.3820
-13.3893 6.4778 8.0286
-12.7716 6.3917 7.6786
-12.1662 6.2966 7.3315
-11.5786 6.1943 6.9881
-11.0097 6.0859 6.6497
-10.4611 5.9721 6.3149
-9.9163 5.8494 5.9807
-9.4288 5.7297 5.6435
-8.7844 5.5917 5.6440
-8.8020 5.5684 5.3032
-8.0708 5.4033 5.3060
-8.0646 5.3674 4.9590
-7.3507 5.1977 4.9640
-7.3568 5.1554 4.6103
-6.6483 4.9793 4.6169
-6.6612 4.9275 4.2548
-5.9534 4.7454 4.2656
-5.9678 4.6811 3.8977
-5.2598 4.4934 3.9136
-5.2760 4.4155 3.5437
-4.5680 4.2218 3.5635
-4.5872 4.1294 3.1955
-3.8794 3.9293 3.2190
-3.8996 3.8217 2.8585
-3.1929 3.6153 2.8880
-3.2118 3.4941 2.5426
-2.5130 3.2830 2.5800
-2.5341 3.1537 2.2577
-1.8507 2.9404 2.3050
-1.8774 2.8093 2.0116
-1.2109 2.5952 2.0706
-1.2451 2.4667 1.8067
-0.5871 2.2509 1.8805
-0.6325 2.1277 1.6397
0.0790 1.8814 1.7207
0.3513 1.7165 1.6466
0.2742 1.6713 1.5283
0.0735 1.6359 1.3532
0.7009 1.4161 1.4514
0.6518 1.3174 1.2871
0.9360 1.0613 1.1230
1.2487 0.8114 0.9787
1.5595 0.5804 0.8502
1.8670 0.3685 0.7347
2.1743 0.1732 0.6287
2.4866 -0.0102 0.5291
2.8067 -0.1867 0.4311
3.1337 -0.3597 0.3303
3.4669 -0.5311 0.2240
3.8057 -0.7013 0.1112
4.5859 -0.9567 0.3305
4.1491 -0.8699 -0.0077
-20.8349 6.5774 11.7076
-20.4941 6.5918 11.5833
-20.1525 6.6122 11.4408
-19.7901 6.6343 11.2875
-19.4063 6.6577 11.1176
-19.0076 6.6846 10.9273
-18.5784 6.7102 10.7052
-18.1310 6.7338 10.4584
-17.6552 6.7530 10.1829
-17.1501 6.7623 9.8787
-16.6065 6.7591 9.5416
-16.0333 6.7412 9.1781
-15.4525 6.7092 8.8059
-14.8673 6.6633 8.4359
-14.2810 6.6046 8.0718
-13.6955 6.5339 7.7129
-13.1143 6.4522 7.3588
-12.5421 6.3614 7.0099
-11.9809 6.2623 6.6667
-11.4326 6.1560 6.3280
-10.8961 6.0427 5.9919
-10.3742 5.9227 5.6551
-9.8527 5.7925 5.3158
-9.3823 5.6630 4.9739
-8.7561 5.5261 4.9629
-8.7733 5.4899 4.6282
-8.0639 5.3260 4.6150
-8.0591 5.2755 4.2763
-7.3636 5.1048 4.2575
-7.3743 5.0446 3.9042
-6.6713 4.8652 3.8936
-6.6771 4.7913 3.5359
-5.9782 4.6060 3.5340
-5.9848 4.5198 3.1792
-5.2894 4.3272 3.1814
-5.3025 4.2289 2.8322
-4.6032 4.0268 2.8380
-4.6173 3.9142 2.4960
-3.9133 3.7045 2.5123
-3.9182 3.5778 2.1860
-3.2222 3.3658 2.2162
-3.2202 3.2311 1.9160
-2.5461 3.0211 1.9587
-2.5497 2.8875 1.6899
-1.8980 2.6788 1.7424
-1.9162 2.5522 1.5031
-1.2788 2.3422 1.5645
-1.3171 2.2259 1.3502
-0.6493 1.9927 1.4106
-0.1272 1.8376 1.5122
-0.3745 1.8481 1.3682
-0.5118 1.7048 1.0852
-0.7891 1.9322 1.2351
0.0472 1.5156 1.1705
-0.0175 1.4132 0.9900
0.3471 1.1292 0.8223
0.6938 0.8788 0.6823
1.0297 0.6519 0.5573
1.3591 0.4445 0.4424
1.6872 0.2524 0.3350
2.0180 0.0704 0.2307
2.3540 -0.1068 0.1251
2.6939 -0.2813 0.0149
3.0379 -0.4543 -0.1018
3.3846 -0.6253 -0.2242
3.7343 -0.7939 -0.3513
4.4986 -1.0370 -0.1326
4.0876 -0.9601 -0.4832
4.8538 -1.2027 -0.2633
4.4447 -1.1238 -0.6201
-21.0251 6.6338 11.5169
-20.6741 6.6488 11.3835
-20.3330 6.6686 11.2352
-19.9545 6.6903 11.0697
-19.5725 6.7143 10.8911
-19.1756 6.7429 10.6907
-18.7513 6.7680 10.4629
-18.3011 6.7908 10.2040
-17.8286 6.8069 9.9237
-17.3211 6.8132 9.6086
-16.7798 6.8074 9.2590
-16.2215 6.7875 8.8900
-15.6615 6.7548 8.5144
-15.1040 6.7100 8.1414
-14.5488 6.6534 7.7726
-13.9959 6.5854 7.4089
-13.4464 6.5068 7.0514
-12.9024 6.4188 6.7010
-12.3663 6.3223 6.3571
-11.8384 6.2179 6.0178
-11.3194 6.1057 5.6800
-10.8068 5.9850 5.3410
-10.3035 5.8555 4.9987
-9.7945 5.7133 4.6541
-9.3300 5.5695 4.3140
-8.7261 5.4343 4.3010
-8.7375 5.3859 3.9960
-8.0691 5.2195 3.9344
-8.1034 5.1561 3.5743
-7.3821 4.9746 3.5484
-7.3722 4.8908 3.1958
-6.6775 4.7083 3.1843
-6.6748 4.6171 2.8471
-5.9947 4.4272 2.8357
-6.0166 4.3314 2.5097
-5.3213 4.1241 2.4932
-5.3499 4.0132 2.1651
-4.6268 3.7931 2.1670
-4.6238 3.6622 1.8557
-3.9090 3.4433 1.8795
-3.8757 3.2999 1.5999
-3.2064 3.0941 1.6413
-3.1818 2.9591 1.4014
-2.5495 2.7577 1.4477
-2.5513 2.6363 1.2379
-1.9373 2.4324 1.2871
-1.9644 2.3221 1.0972
-1.3619 2.1213 1.1604
-1.3742 2.0143 0.9967
-0.9997 1.7373 0.8266
-0.5744 1.4498 0.6736
-0.1793 1.1819 0.5263
0.1948 0.9387 0.3919
0.5549 0.7170 0.2678
0.9058 0.5134 0.1515
1.2527 0.3229 0.0398
1.6000 0.1398 -0.0709
1.9490 -0.0396 -0.1852
2.2985 -0.2169 -0.3050
2.6488 -0.3921 -0.4300
2.9989 -0.5642 -0.5589
3.3497 -0.7328 -0.6907
3.7008 -0.8975 -0.8263
4.0505 -1.0583 -0.9661
4.8081 -1.2864 -0.7615
4.4032 -1.2169 -1.1097
-20.8652 6.7105 11.1794
-20.4995 6.7265 11.0303
-20.1301 6.7486 10.8536
-19.7473 6.7731 10.6640
-19.3525 6.8028 10.4544
-18.9274 6.8279 10.2122
-18.4799 6.8485 9.9465
-18.0060 6.8620 9.6538
-17.4988 6.8648 9.3271
-16.9654 6.8551 8.9748
-16.4228 6.8332 8.6052
-15.8841 6.7997 8.2294
-15.3513 6.7553 7.8533
-14.8226 6.6998 7.4804
-14.2967 6.6335 7.1129
-13.7733 6.5568 6.7532
-13.2545 6.4708 6.4018
-12.7410 6.3761 6.0573
-12.2330 6.2732 5.7165
-11.7295 6.1614 5.3761
-11.2290 6.0400 5.0331
-10.7282 5.9071 4.6859
-10.2276 5.7619 4.3356
-9.7047 5.5975 3.9830
-9.1575 5.4088 3.6116
-8.6739 5.2175 3.2291
-8.0514 5.0643 3.2108
-8.0536 4.9774 2.8583
-7.3559 4.8001 2.8557
-7.3239 4.7026 2.5416
-6.6779 4.5268 2.5361
-6.6992 4.4463 2.2712
-6.1213 4.2457 2.1700
-6.0748 4.1233 1.8871
-5.4071 3.8977 1.8291
-5.2904 3.7487 1.5742
-4.6260 3.5207 1.5421
-4.4375 3.3408 1.3102
-3.8124 3.1542 1.3553
-3.7605 3.0225 1.1508
-3.1574 2.8339 1.1933
-3.1415 2.7258 1.0242
-2.5678 2.5265 1.0483
-2.6170 2.4316 0.8726
-1.9885 2.2121 0.9148
-1.9986 2.0923 0.7270
-1.5135 1.7726 0.5378
-1.0648 1.4890 0.3805
-0.6442 1.2302 0.2372
-0.2445 0.9936 0.1044
0.1390 0.7761 -0.0211
0.5111 0.5742 -0.1409
0.8759 0.3826 -0.2579
1.2382 0.1961 -0.3758
1.5984 0.0122 -0.4980
1.9544 -0.1690 -0.6250
2.3060 -0.3468 -0.7549
2.6536 -0.5202 -0.8859
2.9986 -0.6888 -1.0179
3.3370 -0.8515 -1.1529
3.6704 -1.0088 -1.2922
4.0073 -1.1643 -1.4345
4.7622 -1.3756 -1.2565
4.3509 -1.3194 -1.5795
-20.6861 6.7924 10.8089
-20.3110 6.8117 10.6260
-19.9262 6.8383 10.4171
-19.5358 6.8681 10.1999
-19.1109 6.8905 9.9460
-18.6669 6.9077 9.6745
-18.1958 6.9173 9.3766
-17.6934 6.9161 9.0452
-17.1702 6.9030 8.6913
-16.6446 6.8791 8.3218
-16.1260 6.8449 7.9449
-15.6150 6.8004 7.5660
-15.1078 6.7451 7.1899
-14.6035 6.6792 6.8205
-14.1024 6.6037 6.4602
-13.6045 6.5188 6.1086
-13.1106 6.4252 5.7631
-12.6201 6.3229 5.4197
-12.1307 6.2108 5.0751
-11.6395 6.0875 4.7259
-11.1433 5.9508 4.3707
-10.6359 5.7977 4.0092
-10.1143 5.6255 3.6394
-9.5933 5.4361 3.2619
-9.0716 5.2290 2.8816
-8.6082 5.0099 2.4678
-7.9662 4.8674 2.5312
-7.8768 4.7674 2.2776
-7.2903 4.5899 2.2151
-6.4732 4.3064 2.0576
-6.0520 3.9875 1.5898
-6.5024 4.1830 1.7334
-5.7045 3.9394 1.7111
-5.3016 3.6177 1.3070
-5.7112 3.8114 1.4358
-4.9121 3.5560 1.4236
-4.8828 3.3675 1.0948
-4.3463 3.2027 1.1143
-4.3121 3.0886 0.9416
-3.7110 2.8957 0.9656
-3.6366 2.7565 0.7848
-3.0287 2.4130 0.5899
-2.4705 2.0939 0.4146
-1.9660 1.7986 0.2474
-1.4959 1.5272 0.0945
-1.0508 1.2766 -0.0478
-0.6266 1.0450 -0.1821
-0.2202 0.8297 -0.3104
0.1722 0.6266 -0.4347
0.5553 0.4306 -0.5574
0.9312 0.2383 -0.6818
1.2999 0.0486 -0.8099
1.6587 -0.1376 -0.9406
2.0064 -0.3184 -1.0714
2.3442 -0.4929 -1.1999
2.6739 -0.6609 -1.3274
2.9917 -0.8214 -1.4578
3.3044 -0.9766 -1.5923
3.6240 -1.1299 -1.7277
3.9585 -1.2844 -1.8648
4.7141 -1.4790 -1.7247
4.3152 -1.4435 -2.0018
-20.5042 6.8837 10.3734
-20.1201 6.9059 10.1671
-19.7317 6.9347 9.9398
-19.3092 6.9533 9.6793
-18.8674 6.9664 9.3995
-18.4010 6.9720 9.0935
-17.9070 6.9673 8.7592
-17.3981 6.9516 8.4034
-16.8912 6.9261 8.0331
-16.3915 6.8909 7.6546
-15.8979 6.8454 7.2742
-15.4077 6.7894 6.8974
-14.9206 6.7234 6.5284
-14.4371 6.6479 6.1687
-13.9567 6.5634 5.8169
-13.4797 6.4702 5.4695
-13.0036 6.3674 5.1221
-12.5253 6.2537 4.7710
-12.0419 6.1275 4.4135
-11.5480 5.9858 4.0483
-11.0409 5.8263 3.6761
-10.5210 5.6477 3.2989
-9.9932 5.4514 2.9238
-9.4852 5.2494 2.5721
-8.8719 4.9726 2.1228
-9.1685 5.1143 2.3489
-8.3511 4.8647 2.1999
-7.0014 4.4052 1.9315
-7.5528 4.6170 2.0879
-6.8843 4.2138 1.5580
-7.4967 4.4536 1.7111
-6.2068 3.8942 1.3087
-5.6838 3.6163 1.0870
-5.2281 3.3537 0.8799
-4.6377 3.0447 0.6838
-4.0240 2.7224 0.4930
-3.4376 2.4065 0.3062
-2.8865 2.1078 0.1308
-2.3688 1.8281 -0.0332
-1.8781 1.5671 -0.1858
-1.4097 1.3230 -0.3297
-0.9616 1.0940 -0.4668
-0.5334 0.8779 -0.5994
-0.1219 0.6706 -0.7290
0.2768 0.4682 -0.8577
0.6636 0.2687 -0.9876
1.0375 0.0722 -1.1186
1.3947 -0.1190 -1.2490
1.7322 -0.3018 -1.3753
2.0535 -0.4767 -1.4979
2.3605 -0.6435 -1.6186
2.6586 -0.8041 -1.7405
2.9534 -0.9585 -1.8633
3.2652 -1.1123 -1.9847
3.5926 -1.2663 -2.1093
3.9301 -1.4218 -2.2371
4.6939 -1.6079 -2.1381
4.2948 -1.5833 -2.3613
-20.7078 6.9568 10.1249
-20.3261 6.9774 9.9010
-19.9399 7.0035 9.6646
-19.5189 7.0171 9.4000
-19.0818 7.0258 9.1128
-18.6226 7.0274 8.7995
-18.1411 7.0193 8.4615
-17.6503 7.0016 8.1042
-17.1626 6.9745 7.7331
-16.6793 6.9375 7.3546
-16.1999 6.8903 6.9750
-15.7236 6.8330 6.6002
-15.2504 6.7659 6.2336
-14.7808 6.6896 5.8752
-14.3147 6.6047 5.5227
-13.8507 6.5107 5.1719
-13.3861 6.4067 4.8188
-12.9169 6.2908 4.4596
-12.4385 6.1608 4.0926
-11.9471 6.0140 3.7185
-11.4380 5.8478 3.3391
-10.9081 5.6604 2.9592
-10.3453 5.4496 2.5868
-9.6959 5.2104 2.2507
-9.0652 4.9332 1.8631
-9.3879 5.0709 2.0318
-8.6254 4.8445 1.9270
-8.0420 4.6975 1.9527
-8.0731 4.5638 1.5980
-8.5142 4.7646 1.7932
-7.4815 4.3827 1.5548
-7.4693 4.2968 1.3818
-6.8667 4.1039 1.3395
-6.9068 4.0124 1.1426
-6.2577 3.7990 1.1003
-6.2377 3.6787 0.8974
-5.6288 3.3444 0.6410
-5.0141 3.0249 0.4258
-4.4086 2.7135 0.2265
-3.8259 2.4146 0.0381
-3.2693 2.1313 -0.1389
-2.7370 1.8634 -0.3046
-2.2262 1.6102 -0.4604
-1.7359 1.3701 -0.6077
-1.2672 1.1414 -0.7497
-0.8202 0.9221 -0.8879
-0.3928 0.7086 -1.0239
0.0160 0.4990 -1.1585
0.4085 0.2921 -1.2917
0.7825 0.0893 -1.4223
1.1303 -0.1044 -1.5474
1.4517 -0.2877 -1.6653
1.7551 -0.4628 -1.7777
2.0507 -0.6335 -1.8896
2.3322 -0.7947 -1.9985
2.6165 -0.9486 -2.1017
2.9156 -1.1014 -2.2060
3.2293 -1.2543 -2.3162
3.5655 -1.4089 -2.4269
3.9184 -1.5665 -2.5391
4.6748 -1.7493 -2.4850
4.2926 -1.7288 -2.6496
-20.5485 7.0533 9.6178
-20.1628 7.0763 9.3681
-19.7422 7.0839 9.0988
-19.3097 7.0873 8.8051
-18.8603 7.0845 8.4876
-18.3958 7.0733 8.1475
-17.9261 7.0533 7.7898
-17.4568 7.0238 7.4197
-16.9881 6.9843 7.0437
-16.5209 6.9347 6.6681
-16.0557 6.8752 6.2977
-15.5936 6.8065 5.9342
-15.1349 6.7289 5.5769
-14.6794 6.6427 5.2225
-14.2256 6.5472 4.8669
-13.7691 6.4411 4.5065
-13.3062 6.3223 4.1388
-12.8314 6.1881 3.7638
-12.3391 6.0357 3.3832
-11.8246 5.8621 3.0005
-11.2785 5.6634 2.6186
-10.6686 5.4262 2.2210
-9.9039 5.1537 1.9121
-9.3655 4.9259 1.6540
-8.7543 4.7724 1.6595
-8.7387 4.6630 1.4255
-8.0714 4.4652 1.3854
-7.9971 4.3339 1.1658
-7.3138 3.9872 0.8775
-6.6554 3.6540 0.6254
-6.0181 3.3306 0.3923
-5.3935 3.0190 0.1780
-4.7860 2.7199 -0.0240
-4.1990 2.4346 -0.2154
-3.6333 2.1634 -0.3961
-3.0868 1.9047 -0.5664
-2.5587 1.6570 -0.7274
-2.0506 1.4188 -0.8815
-1.5651 1.1886 -1.0311
-1.1045 0.9644 -1.1775
-0.6686 0.7445 -1.3204
-0.2549 0.5274 -1.4592
0.1377 0.3138 -1.5920
0.5042 0.1072 -1.7171
0.8380 -0.0875 -1.8326
1.1430 -0.2705 -1.9387
1.4443 -0.4515 -2.0391
1.7236 -0.6208 -2.1351
1.9956 -0.7835 -2.2267
2.2666 -0.9378 -2.3113
2.5542 -1.0910 -2.3992
2.8622 -1.2443 -2.4891
3.1924 -1.3969 -2.5828
3.5476 -1.5518 -2.6790
3.9042 -1.7087 -2.7822
4.6772 -1.8948 -2.7607
4.2832 -1.8684 -2.8874
-20.4013 7.1511 9.0537
-19.9851 7.1540 8.7756
-19.5578 7.1518 8.4776
-19.1202 7.1440 8.1574
-18.6752 7.1291 7.8169
-18.2254 7.1059 7.4608
-17.7719 7.0732 7.0944
-17.3157 7.0305 6.7237
-16.8586 6.9779 6.3541
-16.4025 6.9160 5.9891
-15.9491 6.8451 5.6289
-15.4989 6.7656 5.2717
-15.0516 6.6775 4.9143
-14.6046 6.5799 4.5529
-14.1535 6.4708 4.1850
-13.6938 6.3485 3.8098
-13.2189 6.2097 3.4290
-12.7240 6.0515 3.0462
-12.2049 5.8716 2.6672
-11.6649 5.6703 2.2991
-11.1623 5.4686 1.9725
-10.5704 5.3245 1.9494
-10.5220 5.2327 1.7139
-9.9025 5.0675 1.6741
-9.7982 4.9449 1.4416
-9.0837 4.6198 1.1415
-8.3834 4.2912 0.8717
-7.7044 3.9613 0.6165
-7.0428 3.6381 0.3798
-6.3976 3.3252 0.1571
-5.7685 3.0247 -0.0546
-5.1583 2.7379 -0.2580
-4.5665 2.4646 -0.4534
-3.9929 2.2033 -0.6396
-3.4353 1.9516 -0.8170
-2.8948 1.7075 -0.9866
-2.3739 1.4693 -1.1511
-1.8782 1.2361 -1.3113
-1.4107 1.0068 -1.4675
-0.9712 0.7801 -1.6165
-0.5573 0.5562 -1.7554
-0.1716 0.3383 -1.8829
0.1782 0.1322 -1.9977
0.5012 -0.0635 -2.1006
0.8000 -0.2492 -2.1928
1.0993 -0.4338 -2.2788
1.3700 -0.6035 -2.3564
1.6397 -0.7687 -2.4291
1.9075 -0.9249 -2.4963
2.1945 -1.0792 -2.5637
2.5019 -1.2312 -2.6307
2.8347 -1.3832 -2.7040
3.1786 -1.5355 -2.7923
3.5360 -1.6879 -2.8857
3.9269 -1.8422 -2.9910
4.6900 -2.0318 -2.9995
4.3188 -1.9956 -3.1086
-20.2495 7.2258 8.4349
-19.8306 7.2181 8.1333
-19.4076 7.2053 7.8114
-18.9798 7.1861 7.4723
-18.5462 7.1586 7.1199
-18.1055 7.1218 6.7599
-17.6596 7.0754 6.3970
-17.2110 7.0196 6.0350
-16.7621 6.9547 5.6755
-16.3155 6.8813 5.3176
-15.8716 6.7994 4.9594
-15.4294 6.7087 4.5979
-14.9866 6.6084 4.2303
-14.5379 6.4965 3.8557
-14.0781 6.3704 3.4753
-13.6007 6.2268 3.0927
-13.1017 6.0632 2.7133
-12.5790 5.8783 2.3456
-12.0378 5.6744 2.0020
-11.4537 5.4472 1.6939
-10.8059 5.1868 1.4100
-10.1244 4.8944 1.1323
-9.4361 4.5824 0.8646
-8.7529 4.2632 0.6144
-8.0798 3.9444 0.3787
-7.4189 3.6319 0.1551
-6.7726 3.3298 -0.0600
-6.1434 3.0408 -0.2695
-5.5327 2.7656 -0.4742
-4.9398 2.5029 -0.6734
-4.3618 2.2498 -0.8667
-3.7983 2.0032 -1.0537
-3.2509 1.7607 -1.2357
-2.7238 1.5209 -1.4137
-2.2234 1.2836 -1.5871
-1.7548 1.0489 -1.7524
-1.3169 0.8160 -1.9035
-0.9116 0.5887 -2.0386
-0.5345 0.3684 -2.1564
-0.1992 0.1637 -2.2577
0.1192 -0.0342 -2.3457
0.4181 -0.2244 -2.4193
0.7021 -0.4051 -2.4853
0.9822 -0.5785 -2.5485
1.2500 -0.7383 -2.6045
1.5331 -0.8966 -2.6563
1.8344 -1.0565 -2.7099
2.1445 -1.2070 -2.7589
2.4794 -1.3603 -2.8163
2.8313 -1.5120 -2.8922
3.1875 -1.6569 -2.9898
3.5757 -1.8042 -3.0984
3.9731 -1.9523 -3.2181
4.7258 -2.1509 -3.2334
4.3920 -2.1053 -3.3422
-20.5381 7.2986 8.0803
-20.1310 7.2855 7.7744
-19.7225 7.2677 7.4520
-19.3085 7.2430 7.1162
-18.8868 7.2106 6.7710
-18.4561 7.1693 6.4201
-18.0180 7.1188 6.0664
-17.5763 7.0595 5.7119
-17.1332 6.9914 5.3570
-16.6914 6.9150 5.0005
-16.2513 6.8304 4.6402
-15.8125 6.7374 4.2741
-15.3707 6.6345 3.9013
-14.9213 6.5194 3.5222
-14.4580 6.3892 3.1398
-13.9755 6.2408 2.7595
-13.4692 6.0715 2.3883
-12.9368 5.8800 2.0348
-12.3721 5.6648 1.7068
-11.7667 5.4229 1.4054
-11.1242 5.1535 1.1250
-10.4601 4.8619 0.8613
-9.7873 4.5567 0.6143
-9.1149 4.2461 0.3826
-8.4478 3.9369 0.1629
-7.7912 3.6349 -0.0493
-7.1486 3.3438 -0.2576
-6.5232 3.0661 -0.4643
-5.9161 2.8015 -0.6698
-5.3256 2.5477 -0.8733
-4.7494 2.3010 -1.0744
-4.1859 2.0574 -1.2733
-3.6374 1.8145 -1.4700
-3.1107 1.5715 -1.6627
-2.6125 1.3295 -1.8480
-2.1490 1.0898 -2.0180
-1.7188 0.8530 -2.1667
-1.3214 0.6235 -2.2946
-0.9580 0.4055 -2.4014
-0.6186 0.1941 -2.4825
-0.3087 -0.0047 -2.5478
-0.0279 -0.1860 -2.6085
0.2688 -0.3688 -2.6653
0.5550 -0.5384 -2.7167
0.8463 -0.7013 -2.7633
1.1512 -0.8617 -2.8062
1.4687 -1.0195 -2.8511
1.7908 -1.1716 -2.8919
2.1314 -1.3251 -2.9469
2.4830 -1.4677 -3.0186
2.8544 -1.6093 -3.1106
3.2445 -1.7539 -3.2179
3.6607 -1.9055 -3.3386
4.0853 -2.0589 -3.4606
4.8357 -2.2661 -3.4682
4.5366 -2.2210 -3.5860
-20.4599 7.3536 7.4018
-20.0626 7.3297 7.0824
-19.6591 7.2994 6.7540
-19.2455 7.2615 6.4187
-18.8217 7.2154 6.0782
-18.3898 7.1608 5.7339
-17.9524 7.0975 5.3860
-17.5132 7.0262 5.0347
-17.0746 6.9470 4.6783
-16.6368 6.8601 4.3156
-16.1984 6.7647 3.9455
-15.7554 6.6592 3.5689
-15.3024 6.5409 3.1880
-14.8329 6.4065 2.8071
-14.3419 6.2526 2.4331
-13.8251 6.0767 2.0728
-13.2794 5.8771 1.7332
-12.7008 5.6523 1.4185
-12.0898 5.4022 1.1290
-11.4527 5.1297 0.8624
-10.7990 4.8404 0.6162
-10.1365 4.5408 0.3876
-9.4727 4.2380 0.1729
-8.8137 3.9382 -0.0327
-8.1642 3.6464 -0.2342
-7.5293 3.3662 -0.4351
-6.9118 3.0988 -0.6379
-6.3119 2.8434 -0.8431
-5.7284 2.5968 -1.0511
-5.1584 2.3543 -1.2606
-4.6006 2.1116 -1.4718
-4.0577 1.8664 -1.6825
-3.5385 1.6196 -1.8871
-3.0512 1.3734 -2.0775
-2.5984 1.1297 -2.2461
-2.1823 0.8920 -2.3870
-1.8035 0.6658 -2.5010
-1.4497 0.4480 -2.5906
-1.1164 0.2380 -2.6574
-0.7991 0.0395 -2.7167
-0.5112 -0.1381 -2.7721
-0.2098 -0.3128 -2.8226
0.1107 -0.4888 -2.8689
0.4287 -0.6513 -2.9106
0.7561 -0.8092 -2.9485
1.0943 -0.9645 -2.9876
1.4482 -1.1206 -3.0323
1.8108 -1.2695 -3.0846
2.1672 -1.4097 -3.1610
2.5484 -1.5543 -3.2544
2.9437 -1.6999 -3.3540
3.3618 -1.8545 -3.4751
3.7922 -2.0115 -3.5968
4.2430 -2.1747 -3.7244
-20.4257 7.3906 6.7092
-20.0280 7.3542 6.3911
-19.6197 7.3109 6.0669
-19.2003 7.2598 5.7368
-18.7716 7.2008 5.4008
-18.3375 7.1341 5.0585
-17.9008 7.0597 4.7093
-17.4639 6.9783 4.3525
-17.0268 6.8896 3.9875
-16.5869 6.7923 3.6149
-16.1400 6.6845 3.2368
-15.6799 6.5626 2.8569
-15.2017 6.4234 2.4812
-14.6998 6.2632 2.1160
-14.1715 6.0801 1.7684
-13.6141 5.8726 1.4434
-13.0285 5.6408 1.1441
-12.4165 5.3863 0.8704
-11.7839 5.1131 0.6209
-11.1377 4.8265 0.3927
-10.4841 4.5326 0.1819
-9.8293 4.2376 -0.0172
-9.1796 3.9470 -0.2096
-8.5404 3.6653 -0.4001
-7.9161 3.3950 -0.5931
-7.3093 3.1369 -0.7911
-6.7199 2.8889 -0.9955
-6.1458 2.6469 -1.2067
-5.5848 2.4062 -1.4242
-5.0372 2.1624 -1.6452
-4.5067 1.9144 -1.8645
-4.0022 1.6641 -2.0736
-3.5315 1.4149 -2.2616
-3.0967 1.1702 -2.4211
-2.6973 0.9346 -2.5508
-2.3215 0.7062 -2.6543
-1.9770 0.4921 -2.7384
-1.6573 0.2949 -2.7996
-1.3319 0.0982 -2.8638
-1.0131 -0.0835 -2.9197
-0.6918 -0.2547 -2.9666
-0.3552 -0.4215 -3.0113
0.0012 -0.5878 -3.0539
0.3521 -0.7417 -3.0891
0.7280 -0.9007 -3.1306
1.1035 -1.0534 -3.1765
1.4762 -1.1976 -3.2353
1.8507 -1.3409 -3.3157
2.2454 -1.4897 -3.4065
2.6510 -1.6427 -3.5139
3.0725 -1.8028 -3.6373
3.5034 -1.9628 -3.7549
-20.4129 7.4072 6.0318
-20.0064 7.3584 5.7187
-19.5886 7.3027 5.3978
-19.1619 7.2398 5.0684
-18.7296 7.1700 4.7301
-18.2946 7.0935 4.3823
-17.8582 7.0106 4.0249
-17.4199 6.9207 3.6585
-16.9766 6.8220 3.2851
-16.5230 6.7113 2.9080
-16.0538 6.5852 2.5325
-15.5643 6.4402 2.1646
-15.0508 6.2734 1.8110
-14.5114 6.0830 1.4773
-13.9457 5.8686 1.1683
-13.3550 5.6315 0.8856
-12.7430 5.3744 0.6299
-12.1148 5.1017 0.3984
-11.4755 4.8187 0.1880
-10.8308 4.5309 -0.0065
-10.1863 4.2438 -0.1904
-9.5478 3.9623 -0.3696
-8.9211 3.6901 -0.5494
-8.3094 3.4291 -0.7341
-7.7148 3.1783 -0.9268
-7.1365 2.9353 -1.1295
-6.5730 2.6955 -1.3427
-6.0231 2.4543 -1.5650
-5.4878 2.2083 -1.7913
-4.9735 1.9575 -2.0131
-4.4873 1.7045 -2.2193
-4.0355 1.4544 -2.3999
-3.6176 1.2100 -2.5495
-3.2336 0.9776 -2.6688
-2.8708 0.7528 -2.7692
-2.5376 0.5490 -2.8518
-2.2043 0.3546 -2.9195
-1.8736 0.1644 -2.9878
-1.5385 -0.0107 -3.0444
-1.1934 -0.1789 -3.0955
-0.8245 -0.3463 -3.1460
-0.4522 -0.5007 -3.1873
-0.0625 -0.6578 -3.2330
0.3335 -0.8150 -3.2773
0.7332 -0.9692 -3.3310
1.1181 -1.1168 -3.4048
1.5235 -1.2684 -3.4904
1.9392 -1.4242 -3.5861
2.3507 -1.5829 -3.7043
2.7751 -1.7460 -3.8191
-20.4021 7.4045 5.3755
-19.9843 7.3444 5.0619
-19.5583 7.2783 4.7376
-19.1275 7.2065 4.4019
-18.6932 7.1290 4.0549
-18.2570 7.0458 3.6973
-17.8159 6.9552 3.3308
-17.3669 6.8546 2.9587
-16.9046 6.7407 2.5855
-16.4243 6.6094 2.2168
-15.9228 6.4580 1.8588
-15.3973 6.2838 1.5182
-14.8477 6.0862 1.2000
-14.2746 5.8656 0.9079
-13.6810 5.6243 0.6433
-13.0696 5.3658 0.4055
-12.4457 5.0945 0.1918
-11.8132 4.8156 -0.0015
-11.1779 4.5343 -0.1802
-10.5450 4.2554 -0.3498
-9.9200 3.9832 -0.5161
-9.3067 3.7199 -0.6851
-8.7082 3.4663 -0.8614
-8.1258 3.2209 -1.0488
-7.5583 2.9805 -1.2490
-7.0048 2.7405 -1.4622
-6.4656 2.4972 -1.6853
-5.9440 2.2487 -1.9114
-5.4459 1.9956 -2.1310
-4.9785 1.7418 -2.3316
-4.5449 1.4924 -2.5043
-4.1448 1.2515 -2.6467
-3.7742 1.0238 -2.7606
-3.4243 0.8111 -2.8550
-3.0807 0.6126 -2.9388
-2.7421 0.4217 -3.0146
-2.3976 0.2411 -3.0800
-2.0595 0.0677 -3.1500
-1.6940 -0.0967 -3.2104
-1.3050 -0.2540 -3.2657
-0.9099 -0.4051 -3.3183
-0.4835 -0.5646 -3.3738
-0.0795 -0.7186 -3.4306
0.3290 -0.8745 -3.5008
0.7495 -1.0328 -3.5839
1.1792 -1.1934 -3.6785
1.6143 -1.3556 -3.7842
-20.8029 7.4491 5.0381
-20.3853 7.3860 4.7299
-19.9600 7.3180 4.4088
-19.5305 7.2456 4.0748
-19.0973 7.1683 3.7286
-18.6592 7.0850 3.3718
-18.2139 6.9936 3.0071
-17.7570 6.8905 2.6384
-17.2841 6.7721 2.2710
-16.7916 6.6347 1.9110
-16.2774 6.4758 1.5647
-15.7407 6.2940 1.2384
-15.1818 6.0892 0.9365
-14.6028 5.8630 0.6618
-14.0067 5.6185 0.4151
-13.3965 5.3592 0.1952
-12.7770 5.0902 -0.0014
-12.1526 4.8162 -0.1786
-11.5281 4.5421 -0.3424
-10.9080 4.2718 -0.4983
-10.2968 4.0083 -0.6528
-9.6976 3.7530 -0.8118
-9.1119 3.5053 -0.9801
-8.5402 3.2632 -1.1620
-7.9818 3.0231 -1.3585
-7.4369 2.7813 -1.5688
-6.9073 2.5351 -1.7890
-6.3982 2.2839 -2.0112
-5.9157 2.0297 -2.2253
-5.4654 1.7768 -2.4200
-5.0492 1.5309 -2.5871
-4.6628 1.2973 -2.7235
-4.3007 1.0762 -2.8371
-3.9497 0.8690 -2.9327
-3.5983 0.6748 -3.0155
-3.2556 0.4888 -3.0933
-2.9116 0.3135 -3.1662
-2.5554 0.1497 -3.2390
-2.1842 -0.0057 -3.3091
-1.7956 -0.1554 -3.3797
-1.3824 -0.3025 -3.4416
-0.9315 -0.4625 -3.5127
-0.5002 -0.6216 -3.5870
-0.0614 -0.7848 -3.6717
0.3769 -0.9489 -3.7722
-20.7898 7.4285 4.4017
-20.3659 7.3601 4.0829
-19.9375 7.2882 3.7505
-19.5039 7.2116 3.4055
-19.0632 7.1284 3.0506
-18.6118 7.0354 2.6892
-18.1455 6.9286 2.3256
-17.6610 6.8045 1.9657
-17.1558 6.6598 1.6160
-16.6290 6.4927 1.2828
-16.0812 6.3027 0.9717
-15.5139 6.0908 0.6864
-14.9299 5.8597 0.4291
-14.3323 5.6127 0.2001
-13.7244 5.3539 -0.0030
-13.1111 5.0883 -0.1833
-12.4958 4.8201 -0.3455
-11.8830 4.5537 -0.4955
-11.2767 4.2921 -0.6396
-10.6799 4.0369 -0.7837
-10.0941 3.7884 -0.9338
-9.5196 3.5450 -1.0950
-8.9566 3.3041 -1.2706
-8.4049 3.0627 -1.4619
-7.8668 2.8181 -1.6670
-7.3449 2.5687 -1.8812
-6.8461 2.3152 -2.0969
-6.3766 2.0608 -2.3039
-5.9410 1.8103 -2.4925
-5.5378 1.5694 -2.6551
-5.1597 1.3416 -2.7906
-4.7992 1.1266 -2.9047
-4.4393 0.9258 -2.9999
-4.0912 0.7342 -3.0849
-3.7491 0.5535 -3.1647
-3.3999 0.3856 -3.2415
-3.0323 0.2291 -3.3195
-2.6626 0.0826 -3.4019
-2.2529 -0.0629 -3.4839
-1.8382 -0.2069 -3.5693
-1.4081 -0.3558 -3.6554
-0.9413 -0.5225 -3.7529
-20.7741 7.4054 3.7613
-20.3468 7.3347 3.4305
-19.9122 7.2589 3.0878
-19.4671 7.1748 2.7360
-19.0079 7.0789 2.3788
-18.5311 6.9669 2.0218
-18.0338 6.8354 1.6710
-17.5156 6.6821 1.3331
-16.9764 6.5061 1.0139
-16.4185 6.3079 0.7183
-15.8437 6.0895 0.4498
-15.2558 5.8542 0.2097
-14.6583 5.6059 -0.0030
-14.0546 5.3490 -0.1902
-13.4484 5.0878 -0.3556
-12.8440 4.8267 -0.5047
-12.2443 4.5685 -0.6428
-11.6523 4.3155 -0.7763
-11.0689 4.0679 -0.9117
-10.4951 3.8249 -1.0544
-9.9299 3.5843 -1.2091
-9.3732 3.3434 -1.3786
-8.8265 3.0998 -1.5633
-8.2927 2.8519 -1.7611
-7.7767 2.5994 -1.9675
-7.2854 2.3441 -2.1750
-6.8254 2.0900 -2.3744
-6.3996 1.8424 -2.5565
-6.0038 1.6059 -2.7153
-5.6298 1.3826 -2.8501
-5.2681 1.1727 -2.9648
-4.9146 0.9750 -3.0639
-4.5563 0.7900 -3.1478
-4.2116 0.6157 -3.2299
-3.8506 0.4537 -3.3100
-3.4803 0.3016 -3.3960
-3.1063 0.1605 -3.4914
-2.7147 0.0251 -3.5935
-2.2986 -0.1147 -3.6987
-20.7556 7.3841 3.1169
-20.3181 7.3080 2.7769
-19.8670 7.2216 2.4290
-19.3986 7.1210 2.0775
-18.9100 7.0021 1.7285
-18.4001 6.8622 1.3878
-17.8689 6.6996 1.0622
-17.3184 6.5145 0.7577
-16.7512 6.3085 0.4778
-16.1710 6.0845 0.2257
-15.5807 5.8462 0.0019
-14.9850 5.5979 -0.1949
-14.3873 5.3443 -0.3677
-13.7905 5.0890 -0.5202
-13.1984 4.8355 -0.6577
-12.6124 4.5860 -0.7860
-12.0342 4.3412 -0.9112
-11.4634 4.1004 -1.0397
-10.8992 3.8616 -1.1763
-10.3413 3.6228 -1.3252
-9.7895 3.3813 -1.4886
-9.2457 3.1352 -1.6662
-8.7142 2.8840 -1.8561
-8.2013 2.6285 -2.0535
-7.7144 2.3718 -2.2523
-7.2595 2.1181 -2.4438
-6.8379 1.8728 -2.6196
-6.4444 1.6393 -2.7744
-6.0717 1.4193 -2.9076
-5.7109 1.2130 -3.0214
-5.3553 1.0204 -3.1205
-5.0013 0.8409 -3.2106
-4.6360 0.6724 -3.2930
-4.2774 0.5148 -3.3811
-3.8993 0.3665 -3.4796
-3.5236 0.2296 -3.5899
-3.1290 0.0953 -3.7076
-2.7172 -0.0421 -3.8322
-21.1594 7.4340 2.8112
-20.7175 7.3562 2.4748
-20.2588 7.2659 2.1316
-19.7803 7.1591 1.7867
-19.2795 7.0319 1.4463
-18.7568 6.8826 1.1170
-18.2135 6.7103 0.8045
-17.6530 6.5165 0.5144
-17.0784 6.3036 0.2505
-16.4943 6.0751 0.0141
-15.9041 5.8354 -0.1944
-15.3127 5.5889 -0.3770
-14.7227 5.3397 -0.5369
-14.1374 5.0915 -0.6783
-13.5584 4.8464 -0.8062
-12.9864 4.6055 -0.9270
-12.4211 4.3684 -1.0462
-11.8612 4.1335 -1.1694
-11.3052 3.8983 -1.3014
-10.7525 3.6606 -1.4455
-10.2037 3.4181 -1.6031
-9.6612 3.1696 -1.7739
-9.1305 2.9155 -1.9561
-8.6181 2.6576 -2.1455
-8.1316 2.3994 -2.3360
-7.6768 2.1459 -2.5200
-7.2543 1.9018 -2.6898
-6.8594 1.6706 -2.8400
-6.4845 1.4531 -2.9695
-6.1214 1.2501 -3.0807
-5.7639 1.0619 -3.1794
-5.4080 0.8876 -3.2726
-5.0569 0.7262 -3.3677
-4.6932 0.5749 -3.4672
-4.3083 0.4301 -3.5781
-3.9267 0.2943 -3.6998
-3.5275 0.1584 -3.8307
-3.1092 0.0175 -3.9730
-21.1067 7.4009 2.1827
-20.6391 7.3049 1.8450
-20.1494 7.1902 1.5078
-19.6362 7.0538 1.1771
-19.1013 6.8946 0.8593
-18.5474 6.7131 0.5605
-17.9782 6.5114 0.2851
-17.3984 6.2928 0.0363
-16.8132 6.0617 -0.1851
-16.2259 5.8223 -0.3796
-15.6410 5.5792 -0.5497
-15.0613 5.3360 -0.6986
-14.4887 5.0955 -0.8309
-13.9232 4.8590 -0.9520
-13.3646 4.6265 -1.0674
-12.8110 4.3964 -1.1825
-12.2607 4.1668 -1.3024
-11.7110 3.9346 -1.4309
-11.1618 3.6976 -1.5713
-10.6143 3.4542 -1.7245
-10.0717 3.2037 -1.8898
-9.5401 2.9474 -2.0656
-9.0259 2.6875 -2.2484
-8.5365 2.4281 -2.4321
-8.0772 2.1744 -2.6101
-7.6498 1.9312 -2.7746
-7.2498 1.7014 -2.9201
-6.8700 1.4863 -3.0455
-6.5040 1.2868 -3.1549
-6.1459 1.1026 -3.2546
-5.7969 0.9332 -3.3541
-5.4474 0.7786 -3.4583
-5.0751 0.6312 -3.5672
-4.7012 0.4921 -3.6882
-4.3117 0.3551 -3.8207
-3.9098 0.2161 -3.9630
-21.0038 7.3361 1.5710
-20.5022 7.2124 1.2420
-19.9774 7.0664 0.9215
-19.4313 6.8975 0.6161
-18.8685 6.7076 0.3309
-18.2933 6.4994 0.0699
-17.7113 6.2771 -0.1649
-17.1272 6.0450 -0.3725
-16.5456 5.8078 -0.5547
-15.9696 5.5695 -0.7138
-15.4015 5.3333 -0.8539
-14.8421 5.1011 -0.9795
-14.2907 4.8732 -1.0958
-13.7444 4.6485 -1.2080
-13.2014 4.4249 -1.3210
-12.6585 4.1998 -1.4393
-12.1139 3.9702 -1.5663
-11.5670 3.7340 -1.7043
-11.0200 3.4901 -1.8542
-10.4761 3.2382 -2.0159
-9.9416 2.9800 -2.1875
-9.4231 2.7185 -2.3657
-8.9282 2.4586 -2.5450
-8.4622 2.2051 -2.7187
-8.0266 1.9627 -2.8793
-7.6188 1.7347 -3.0215
-7.2335 1.5224 -3.1450
-6.8643 1.3260 -3.2543
-6.5085 1.1449 -3.3569
-6.1616 0.9806 -3.4585
-5.7967 0.8270 -3.5624
-5.4284 0.6826 -3.6799
-5.0579 0.5457 -3.8089
-4.6619 0.4051 -3.9527
-4.2588 0.2621 -4.1065
-21.3497 7.3578 1.3102
-20.8364 7.2246 0.9903
-20.3007 7.0689 0.6811
-19.7452 6.8913 0.3880
-19.1759 6.6944 0.1163
-18.5977 6.4817 -0.1312
-18.0164 6.2575 -0.3528
-17.4364 6.0265 -0.5487
-16.8632 5.7932 -0.7205
-16.2981 5.5609 -0.8713
-15.7431 5.3325 -1.0047
-15.1969 5.1085 -1.1257
-14.6579 4.8887 -1.2391
-14.1231 4.6712 -1.3498
-13.5889 4.4534 -1.4625
-13.0521 4.2323 -1.5807
-12.5113 4.0051 -1.7077
-11.9663 3.7699 -1.8452
-11.4185 3.5257 -1.9938
-10.8724 3.2730 -2.1537
-10.3339 3.0137 -2.3234
-9.8099 2.7515 -2.4992
-9.3080 2.4915 -2.6762
-8.8337 2.2391 -2.8474
-8.3892 1.9989 -3.0061
-7.9721 1.7737 -3.1474
-7.5787 1.5646 -3.2712
-7.2023 1.3700 -3.3820
-6.8417 1.1916 -3.4844
-6.4927 1.0314 -3.5829
-6.1239 0.8770 -3.6890
-5.7620 0.7342 -3.8099
-5.3853 0.5923 -3.9442
-4.9913 0.4478 -4.0948
-21.1511 7.2272 0.7536
-20.6059 7.0626 0.4553
-20.0437 6.8778 0.1746
-19.4708 6.6756 -0.0845
-18.8924 6.4602 -0.3197
-18.3146 6.2360 -0.5297
-17.7418 6.0077 -0.7156
-17.1784 5.7794 -0.8789
-16.6256 5.5542 -1.0232
-16.0834 5.3335 -1.1521
-15.5504 5.1177 -1.2704
-15.0237 4.9057 -1.3828
-14.4985 4.6947 -1.4937
-13.9716 4.4820 -1.6073
-13.4403 4.2645 -1.7270
-12.9021 4.0396 -1.8555
-12.3573 3.8053 -1.9943
-11.8084 3.5613 -2.1438
-11.2594 3.3081 -2.3039
-10.7164 3.0485 -2.4732
-10.1868 2.7863 -2.6483
-9.6779 2.5274 -2.8242
-9.1955 2.2772 -2.9945
-8.7416 2.0404 -3.1529
-8.3139 1.8190 -3.2952
-7.9079 1.6124 -3.4213
-7.5196 1.4202 -3.5322
-7.1494 1.2445 -3.6316
-6.7920 1.0838 -3.7295
-6.4337 0.9320 -3.8358
-6.0631 0.7819 -3.9623
-5.6833 0.6340 -4.1010
-21.4468 7.2217 0.5309
-20.8948 7.0498 0.2436
-20.3288 6.8591 -0.0255
-19.7546 6.6534 -0.2731
-19.1792 6.4372 -0.4972
-18.6072 6.2147 -0.6977
-18.0439 5.9906 -0.8750
-17.4914 5.7682 -1.0320
-16.9513 5.5501 -1.1718
-16.4221 5.3373 -1.2981
-15.9014 5.1292 -1.4154
-15.3853 4.9242 -1.5281
-14.8687 4.7191 -1.6405
-14.3480 4.5109 -1.7565
-13.8204 4.2967 -1.8789
-13.2837 4.0736 -2.0101
-12.7389 3.8404 -2.1515
-12.1886 3.5967 -2.3035
-11.6367 3.3437 -2.4653
-11.0896 3.0843 -2.6355
-10.5547 2.8231 -2.8105
-10.0400 2.5662 -2.9861
-9.5500 2.3192 -3.1562
-9.0868 2.0863 -3.3153
-8.6475 1.8687 -3.4602
-8.2288 1.6657 -3.5886
-7.8304 1.4777 -3.7007
-7.4497 1.3036 -3.8012
-7.0843 1.1413 -3.9021
-6.7180 0.9852 -4.0091
-6.3461 0.8308 -4.1355
-21.7254 7.2099 0.3221
-21.1698 7.0326 0.0446
-20.6025 6.8381 -0.2142
-20.0303 6.6308 -0.4518
-19.4598 6.4152 -0.6667
-18.8961 6.1958 -0.8590
-18.3429 5.9765 -1.0300
-17.8025 5.7605 -1.1822
-17.2748 5.5497 -1.3189
-16.7580 5.3444 -1.4441
-16.2480 5.1433 -1.5617
-15.7410 4.9443 -1.6759
-15.2317 4.7445 -1.7911
-14.7163 4.5404 -1.9102
-14.1913 4.3289 -2.0366
-13.6558 4.1077 -2.1718
-13.1106 3.8754 -2.3167
-12.5589 3.6323 -2.4719
-12.0044 3.3797 -2.6360
-11.4542 3.1212 -2.8075
-10.9157 2.8619 -2.9829
-10.3959 2.6077 -3.1582
-9.9003 2.3647 -3.3284
-9.4287 2.1361 -3.4894
-8.9800 1.9232 -3.6374
-8.5523 1.7253 -3.7692
-8.1446 1.5412 -3.8849
-7.7515 1.3670 -3.9899
-7.3707 1.2011 -4.0929
-6.9951 1.0400 -4.2029
-21.4340 7.0140 -0.1442
-20.8680 6.8173 -0.3941
-20.3001 6.6098 -0.6233
-19.7363 6.3960 -0.8305
-19.1819 6.1805 -1.0163
-18.6398 5.9668 -1.1825
-18.1113 5.7573 -1.3315
-17.5954 5.5534 -1.4667
-17.0895 5.3548 -1.5916
-16.5894 5.1602 -1.7107
-16.0901 4.9667 -1.8277
-15.5869 4.7713 -1.9463
-15.0753 4.5706 -2.0698
-14.5527 4.3616 -2.2005
-14.0177 4.1420 -2.3402
-13.4724 3.9108 -2.4893
-12.9191 3.6682 -2.6479
-12.3634 3.4166 -2.8144
-11.8116 3.1597 -2.9866
-11.2712 2.9029 -3.1620
-10.7485 2.6524 -3.3370
-10.2488 2.4139 -3.5083
-9.7723 2.1906 -3.6717
-9.3178 1.9834 -3.8236
-8.8830 1.7907 -3.9601
-8.4643 1.6093 -4.0814
-8.0567 1.4344 -4.1922
-21.6914 6.9972 -0.3263
-21.1280 6.7991 -0.5679
-20.5662 6.5926 -0.7897
-20.0106 6.3817 -0.9909
-19.4659 6.1705 -1.1720
-18.9349 5.9623 -1.3348
-18.4177 5.7591 -1.4816
-17.9126 5.5617 -1.6163
-17.4167 5.3694 -1.7423
-16.9250 5.1803 -1.8636
-16.4321 4.9916 -1.9840
-15.9335 4.8000 -2.1069
-15.4251 4.6022 -2.2351
-14.9039 4.3952 -2.3711
-14.3700 4.1770 -2.5153
-13.8243 3.9467 -2.6687
-13.2710 3.7052 -2.8301
-12.7147 3.4548 -2.9981
-12.1628 3.2000 -3.1707
-11.6226 2.9466 -3.3458
-11.0995 2.7005 -3.5209
-10.5982 2.4673 -3.6938
-10.1190 2.2497 -3.8605
-9.6606 2.0485 -4.0169
-21.9456 6.9843 -0.5043
-21.3862 6.7858 -0.7389
-20.8305 6.5808 -0.9544
-20.2837 6.3732 -1.1505
-19.7490 6.1665 -1.3279
-19.2284 5.9637 -1.4883
-18.7219 5.7665 -1.6342
-18.2266 5.5750 -1.7693
-17.7391 5.3882 -1.8970
-17.2542 5.2039 -2.0212
-16.7667 5.0193 -2.1456
-16.2718 4.8308 -2.2733
-15.7655 4.6353 -2.4070
-15.2463 4.4302 -2.5479
-14.7127 4.2131 -2.6969
-14.1676 3.9839 -2.8539
-13.6151 3.7436 -3.0175
-13.0598 3.4950 -3.1864
-12.5097 3.2429 -3.3589
-11.9710 2.9933 -3.5335
-11.4489 2.7519 -3.7092
-10.9475 2.5240 -3.8844
-22.1987 6.9769 -0.6804
-21.6443 6.7788 -0.9088
-21.0956 6.5757 -1.1192
-20.5570 6.3714 -1.3113
-20.0320 6.1693 -1.4857
-19.5209 5.9715 -1.6446
-19.0239 5.7797 -1.7904
-18.5372 5.5934 -1.9265
-18.0570 5.4115 -2.0564
-17.5776 5.2314 -2.1843
-17.0942 5.0501 -2.3130
-16.6019 4.8641 -2.4460
-16.0975 4.6707 -2.5850
-15.5792 4.4668 -2.7312
-15.0472 4.2511 -2.8845
-14.5035 4.0230 -3.0444
-13.9524 3.7841 -3.2097
-13.3999 3.5376 -3.3787
-12.8528 3.2886 -3.5508
-12.3168 3.0427 -3.7253
-11.7970 2.8061 -3.9023
-21.9041 6.7787 -1.0797
-21.3617 6.5777 -1.2856
-20.8312 6.3768 -1.4741
-20.3150 6.1789 -1.6465
-19.8127 5.9859 -1.8044
-19.3236 5.7986 -1.9504
-18.8441 5.6169 -2.0881
-18.3696 5.4389 -2.2210
-17.8950 5.2624 -2.3528
-17.4148 5.0840 -2.4866
-16.9246 4.9003 -2.6248
-16.4217 4.7084 -2.7692
-15.9045 4.5059 -2.9200
-15.3735 4.2912 -3.0775
-14.8321 4.0644 -3.2400
-14.2843 3.8273 -3.4064
-13.7357 3.5832 -3.5756
-13.1930 3.3372 -3.7474
-12.6608 3.0950 -3.9224
-22.1665 6.7863 -1.2523
-21.6308 6.5874 -1.4545
-21.1075 6.3897 -1.6401
-20.5987 6.1955 -1.8104
-20.1038 6.0065 -1.9679
-19.6211 5.8232 -2.1147
-19.1472 5.6451 -2.2547
-18.6776 5.4708 -2.3908
-18.2061 5.2970 -2.5269
-17.7287 5.1211 -2.6657
-17.2401 4.9394 -2.8092
-16.7380 4.7489 -2.9590
-16.2222 4.5476 -3.1147
-15.6936 4.3341 -3.2758
-15.1549 4.1088 -3.4407
-14.6111 3.8735 -3.6082
-14.0677 3.6318 -3.7779
-22.4329 6.8013 -1.4278
-21.9029 6.6045 -1.6260
-21.3857 6.4095 -1.8092
-20.8830 6.2185 -1.9782
-20.3939 6.0329 -2.1354
-19.9165 5.8531 -2.2836
-19.4471 5.6782 -2.4259
-18.9803 5.5064 -2.5656
-18.5114 5.3353 -2.7062
-18.0355 5.1614 -2.8501
-17.5480 4.9814 -2.9993
-17.0474 4.7924 -3.1541
-16.5328 4.5922 -3.3145
-16.0065 4.3801 -3.4792
-15.4718 4.1563 -3.6467
-14.9332 3.9229 -3.8155
-22.1784 6.6287 -1.8008
-21.6662 6.4360 -1.9816
-21.1679 6.2475 -2.1497
-20.6835 6.0648 -2.3070
-20.2095 5.8877 -2.4567
-19.7425 5.7154 -2.6017
-19.2780 5.5460 -2.7452
-18.8106 5.3769 -2.8905
-18.3356 5.2048 -3.0396
-17.8492 5.0264 -3.1940
-17.3495 4.8388 -3.3542
-16.8369 4.6401 -3.5191
-16.3135 4.4293 -3.6875
-22.4576 6.6595 -1.9789
-21.9490 6.4686 -2.1575
-21.4542 6.2824 -2.3246
-20.9724 6.1019 -2.4824
-20.5005 5.9270 -2.6338
-20.0349 5.7567 -2.7817
-19.5710 5.5891 -2.9292
-19.1040 5.4218 -3.0791
-18.6290 5.2512 -3.2334
-18.1428 5.0743 -3.3932
-17.6444 4.8883 -3.5584
-17.1335 4.6907 -3.7280
-22.7405 6.6964 -2.1597
-22.2343 6.5071 -2.3366
-21.7415 6.3226 -2.5031
-21.2608 6.1438 -2.6614
-20.7895 5.9705 -2.8146
-20.3243 5.8021 -2.9656
-19.8596 5.6361 -3.1172
-19.3918 5.4701 -3.2718
-18.9163 5.3009 -3.4313
-18.4300 5.1252 -3.5965
-17.9325 4.9405 -3.7667
-22.5229 6.5511 -2.5189
-22.0306 6.3680 -2.6851
-21.5498 6.1905 -2.8441
-21.0778 6.0186 -2.9995
-20.6110 5.8513 -3.1535
-20.1450 5.6866 -3.3091
-19.6752 5.5217 -3.4685
-19.1978 5.3535 -3.6330
-22.8146 6.6002 -2.7046
-22.3218 6.4182 -2.8705
-21.8397 6.2419 -3.0309
-21.3657 6.0710 -3.1882
-20.8962 5.9046 -3.3454
-20.4271 5.7407 -3.5052
-19.9548 5.5767 -3.6691
-22.6161 6.4734 -3.0600
-22.1314 6.2978 -3.2215
-21.6541 6.1276 -3.3812
-21.1810 5.9619 -3.5418
-20.7081 5.7985 -3.7053
-22.9143 6.5333 -3.2535
-22.4263 6.3584 -3.4167
-21.9448 6.1888 -3.5789
-21.4669 6.0232 -3.7426
-22.7247 6.4235 -3.6167
-22.2380 6.2539 -3.7814
-23.0276 6.4928 -3.8217
-1.6175 3.5686 4.4333
3.4353 1.6601 5.0647
1.7904 2.1184 3.6276
4.7242 0.9605 4.8031
4.4151 1.0914 4.5401
3.8982 1.1862 3.8571
4.5698 0.7460 3.6383
4.6194 0.5167 3.2001
3.1731 1.2143 3.0350
1.5738 2.5084 4.8871
3.3615 1.7102 5.9432
4.7176 1.0092 5.6307
4.7434 0.8212 4.1463
2.3395 2.2049 6.0823
4.8865 0.3770 3.2331