-0.2322 7.0692 -0.1810
-0.2322 7.0333 -1.0238
-0.2674 7.0333 -1.0230
-0.3027 7.0333 -1.0208
-0.3378 7.0333 -1.0171
-0.3727 7.0333 -1.0120
-0.4074 7.0333 -1.0053
-0.4417 7.0333 -0.9973
-0.4757 7.0333 -0.9878
-0.5093 7.0333 -0.9769
-0.5424 7.0333 -0.9646
-0.5749 7.0333 -0.9509
-0.6069 7.0333 -0.9359
-0.6381 7.0333 -0.9195
-0.6687 7.0333 -0.9019
-0.6985 7.0333 -0.8830
-0.7275 7.0333 -0.8628
-0.7556 7.0333 -0.8415
-0.7828 7.0333 -0.8190
-0.8090 7.0333 -0.7953
-0.8343 7.0333 -0.7706
-0.8584 7.0333 -0.7449
-0.8815 7.0333 -0.7182
-0.9034 7.0333 -0.6905
-0.9242 7.0333 -0.6620
-0.9437 7.0333 -0.6326
-0.9620 7.0333 -0.6024
-0.9790 7.0333 -0.5715
-0.9947 7.0333 -0.5398
-1.0090 7.0333 -0.5076
-1.0220 7.0333 -0.4748
-1.0336 7.0333 -0.4414
-1.0438 7.0333 -0.4076
-1.0526 7.0333 -0.3735
-1.0600 7.0333 -0.3389
-1.0658 7.0333 -0.3041
-1.0703 7.0333 -0.2691
-1.0732 7.0333 -0.2339
-1.0747 7.0333 -0.1987
-1.0747 7.0333 -0.1634
-1.0732 7.0333 -0.1281
-1.0703 7.0333 -0.0929
-1.0658 7.0333 -0.0579
-1.0600 7.0333 -0.0231
-1.0526 7.0333 0.0114
-1.0438 7.0333 0.0456
-1.0336 7.0333 0.0794
-1.0220 7.0333 0.1127
-1.0090 7.0333 0.1456
-0.9947 7.0333 0.1778
-0.9790 7.0333 0.2094
-0.9620 7.0333 0.2404
-0.9437 7.0333 0.2705
-0.9242 7.0333 0.2999
-0.9034 7.0333 0.3285
-0.8815 7.0333 0.3562
-0.8584 7.0333 0.3829
-0.8343 7.0333 0.4086
-0.8090 7.0333 0.4333
-0.7828 7.0333 0.4569
-0.7556 7.0333 0.4794
-0.7275 7.0333 0.5008
-0.6985 7.0333 0.5209
-0.6687 7.0333 0.5398
-0.6381 7.0333 0.5575
-0.6069 7.0333 0.5738
-0.5749 7.0333 0.5889
-0.5424 7.0333 0.6025
-0.5093 7.0333 0.6148
-0.4757 7.0333 0.6258
-0.4417 7.0333 0.6352
-0.4074 7.0333 0.6433
-0.3727 7.0333 0.6499
-0.3378 7.0333 0.6551
-0.3027 7.0333 0.6588
-0.2674 7.0333 0.6610
-0.2322 7.0333 0.6617
-0.1969 7.0333 0.6610
-0.1616 7.0333 0.6588
-0.1265 7.0333 0.6551
-0.0916 7.0333 0.6499
-0.0569 7.0333 0.6433
-0.0226 7.0333 0.6352
0.0114 7.0333 0.6258
0.0450 7.0333 0.6148
0.0781 7.0333 0.6025
0.1106 7.0333 0.5889
0.1426 7.0333 0.5738
0.1738 7.0333 0.5575
0.2044 7.0333 0.5398
0.2342 7.0333 0.5209
0.2632 7.0333 0.5008
0.2913 7.0333 0.4794
0.3185 7.0333 0.4569
0.3447 7.0333 0.4333
0.3700 7.0333 0.4086
0.3941 7.0333 0.3829
0.4172 7.0333 0.3562
0.4391 7.0333 0.3285
0.4599 7.0333 0.2999
0.4794 7.0333 0.2705
0.4977 7.0333 0.2404
0.5147 7.0333 0.2094
0.5304 7.0333 0.1778
0.5447 7.0333 0.1456
0.5577 7.0333 0.1127
0.5693 7.0333 0.0794
0.5795 7.0333 0.0456
0.5883 7.0333 0.0114
0.5957 7.0333 -0.0231
0.6015 7.0333 -0.0579
0.6060 7.0333 -0.0929
0.6089 7.0333 -0.1281
0.6104 7.0333 -0.1634
0.6104 7.0333 -0.1987
0.6089 7.0333 -0.2339
0.6060 7.0333 -0.2691
0.6015 7.0333 -0.3041
0.5957 7.0333 -0.3389
0.5883 7.0333 -0.3735
0.5795 7.0333 -0.4076
0.5693 7.0333 -0.4414
0.5577 7.0333 -0.4748
0.5447 7.0333 -0.5076
0.5304 7.0333 -0.5398
0.5147 7.0333 -0.5715
0.4977 7.0333 -0.6024
0.4794 7.0333 -0.6326
0.4599 7.0333 -0.6620
0.4391 7.0333 -0.6905
0.4172 7.0333 -0.7182
0.3941 7.0333 -0.7449
0.3700 7.0333 -0.7706
0.3447 7.0333 -0.7953
0.3185 7.0333 -0.8190
0.2913 7.0333 -0.8415
0.2632 7.0333 -0.8628
0.2342 7.0333 -0.8829
0.2044 7.0333 -0.9019
0.1738 7.0333 -0.9195
0.1426 7.0333 -0.9359
0.1106 7.0333 -0.9509
0.0781 7.0333 -0.9646
0.0450 7.0333 -0.9769
0.0114 7.0333 -0.9878
-0.0226 7.0333 -0.9973
-0.0569 7.0333 -1.0053
-0.0916 7.0333 -1.0120
-0.1265 7.0333 -1.0171
-0.1616 7.0333 -1.0208
-0.1969 7.0333 -1.0230
-0.2322 6.9259 -1.8650
-0.3027 6.9259 -1.8635
-0.3731 6.9259 -1.8591
-0.4432 6.9259 -1.8517
-0.5130 6.9259 -1.8414
-0.5823 6.9259 -1.8282
-0.6509 6.9259 -1.8121
-0.7189 6.9259 -1.7931
-0.7860 6.9259 -1.7713
-0.8521 6.9259 -1.7468
-0.9171 6.9259 -1.7194
-0.9809 6.9259 -1.6894
-1.0434 6.9259 -1.6567
-1.1045 6.9259 -1.6214
-1.1641 6.9259 -1.5837
-1.2220 6.9259 -1.5434
-1.2782 6.9259 -1.5008
-1.3325 6.9259 -1.4558
-1.3849 6.9259 -1.4086
-1.4353 6.9259 -1.3592
-1.4836 6.9259 -1.3078
-1.5297 6.9259 -1.2544
-1.5735 6.9259 -1.1992
-1.6150 6.9259 -1.1421
-1.6540 6.9259 -1.0833
-1.6905 6.9259 -1.0230
-1.7245 6.9259 -0.9612
-1.7559 6.9259 -0.8980
-1.7846 6.9259 -0.8336
-1.8105 6.9259 -0.7680
-1.8337 6.9259 -0.7014
-1.8541 6.9259 -0.6339
-1.8717 6.9259 -0.5656
-1.8863 6.9259 -0.4966
-1.8981 6.9259 -0.4270
-1.9069 6.9259 -0.3570
-1.9128 6.9259 -0.2868
-1.9158 6.9259 -0.2163
-1.9158 6.9259 -0.1457
-1.9128 6.9259 -0.0753
-1.9069 6.9259 -0.0050
-1.8981 6.9259 0.0650
-1.8863 6.9259 0.1345
-1.8717 6.9259 0.2035
-1.8541 6.9259 0.2718
-1.8337 6.9259 0.3394
-1.8105 6.9259 0.4060
-1.7846 6.9259 0.4716
-1.7559 6.9259 0.5360
-1.7245 6.9259 0.5992
-1.6905 6.9259 0.6610
-1.6540 6.9259 0.7213
-1.6150 6.9259 0.7801
-1.5735 6.9259 0.8371
-1.5297 6.9259 0.8924
-1.4836 6.9259 0.9458
-1.4353 6.9259 0.9972
-1.3849 6.9259 1.0466
-1.3325 6.9259 1.0938
-1.2782 6.9259 1.1387
-1.2220 6.9259 1.1814
-1.1641 6.9259 1.2216
-1.1045 6.9259 1.2594
-1.0434 6.9259 1.2947
-0.9809 6.9259 1.3274
-0.9171 6.9259 1.3574
-0.8521 6.9259 1.3847
-0.7860 6.9259 1.4093
-0.7189 6.9259 1.4311
-0.6509 6.9259 1.4501
-0.5823 6.9259 1.4662
-0.5130 6.9259 1.4794
-0.4432 6.9259 1.4897
-0.3731 6.9259 1.4971
-0.3027 6.9259 1.5015
-0.2321 6.9259 1.5030
-0.1616 6.9259 1.5015
-0.0912 6.9259 1.4971
-0.0211 6.9259 1.4897
0.0487 6.9259 1.4794
0.1180 6.9259 1.4662
0.1866 6.9259 1.4501
0.2546 6.9259 1.4311
0.3217 6.9259 1.4093
0.3878 6.9259 1.3847
0.4528 6.9259 1.3574
0.5166 6.9259 1.3274
0.5791 6.9259 1.2947
0.6402 6.9259 1.2594
0.6998 6.9259 1.2216
0.7577 6.9259 1.1814
0.8139 6.9259 1.1387
0.8682 6.9259 1.0938
0.9206 6.9259 1.0466
0.9710 6.9259 0.9972
1.0193 6.9259 0.9458
1.0654 6.9259 0.8924
1.1092 6.9259 0.8371
1.1507 6.9259 0.7801
1.1897 6.9259 0.7213
1.2262 6.9259 0.6610
1.2602 6.9259 0.5992
1.2916 6.9259 0.5360
1.3203 6.9259 0.4716
1.3462 6.9259 0.4060
1.3694 6.9259 0.3394
1.3898 6.9259 0.2718
1.4073 6.9259 0.2035
1.4220 6.9259 0.1345
1.4338 6.9259 0.0650
1.4426 6.9259 -0.0050
1.4485 6.9259 -0.0753
1.4515 6.9259 -0.1457
1.4515 6.9259 -0.2163
1.4485 6.9259 -0.2867
1.4426 6.9259 -0.3570
1.4338 6.9259 -0.4270
1.4220 6.9259 -0.4966
1.4074 6.9259 -0.5656
1.3898 6.9259 -0.6339
1.3694 6.9259 -0.7014
1.3462 6.9259 -0.7680
1.3203 6.9259 -0.8336
1.2916 6.9259 -0.8980
1.2602 6.9259 -0.9612
1.2262 6.9259 -1.0230
1.1897 6.9259 -1.0833
1.1507 6.9259 -1.1421
1.1092 6.9259 -1.1992
1.0654 6.9259 -1.2544
1.0193 6.9259 -1.3078
0.9710 6.9259 -1.3592
0.9206 6.9259 -1.4086
0.8682 6.9259 -1.4558
0.8139 6.9259 -1.5007
0.7577 6.9259 -1.5434
0.6998 6.9259 -1.5836
0.6402 6.9259 -1.6214
0.5791 6.9259 -1.6567
0.5166 6.9259 -1.6894
0.4528 6.9259 -1.7194
0.3878 6.9259 -1.7468
0.3217 6.9259 -1.7713
0.2546 6.9259 -1.7931
0.1867 6.9259 -1.8121
0.1180 6.9259 -1.8282
0.0487 6.9259 -1.8414
-0.0211 6.9259 -1.8517
-0.0912 6.9259 -1.8591
-0.1616 6.9259 -1.8635
-0.2322 6.7471 -2.7033
-0.3378 6.7471 -2.7011
-0.4432 6.7471 -2.6945
-0.5483 6.7471 -2.6834
-0.6528 6.7471 -2.6680
-0.7566 6.7471 -2.6482
-0.8594 6.7471 -2.6241
-0.9612 6.7471 -2.5957
-1.0617 6.7471 -2.5630
-1.1607 6.7471 -2.5262
-1.2581 6.7471 -2.4853
-1.3537 6.7471 -2.4403
-1.4473 6.7471 -2.3913
-1.5388 6.7471 -2.3385
-1.6280 6.7471 -2.2819
-1.7147 6.7471 -2.2216
-1.7989 6.7471 -2.1577
-1.8803 6.7471 -2.0904
-1.9588 6.7471 -2.0197
-2.0343 6.7471 -1.9458
-2.1066 6.7471 -1.8688
-2.1756 6.7471 -1.7888
-2.2412 6.7471 -1.7060
-2.3033 6.7471 -1.6205
-2.3618 6.7471 -1.5325
-2.4165 6.7471 -1.4422
-2.4674 6.7471 -1.3496
-2.5144 6.7471 -1.2550
-2.5574 6.7471 -1.1584
-2.5963 6.7471 -1.0602
-2.6310 6.7471 -0.9604
-2.6615 6.7471 -0.8593
-2.6878 6.7471 -0.7570
-2.7098 6.7471 -0.6536
-2.7274 6.7471 -0.5495
-2.7406 6.7471 -0.4447
-2.7495 6.7471 -0.3394
-2.7539 6.7471 -0.2338
-2.7539 6.7471 -0.1282
-2.7495 6.7471 -0.0226
-2.7406 6.7471 0.0826
-2.7274 6.7471 0.1875
-2.7098 6.7471 0.2916
-2.6878 6.7471 0.3950
-2.6615 6.7471 0.4973
-2.6310 6.7471 0.5984
-2.5963 6.7471 0.6982
-2.5574 6.7471 0.7964
-2.5144 6.7471 0.8929
-2.4674 6.7471 0.9876
-2.4165 6.7471 1.0801
-2.3618 6.7471 1.1705
-2.3033 6.7471 1.2585
-2.2412 6.7471 1.3440
-2.1756 6.7471 1.4268
-2.1066 6.7471 1.5067
-2.0343 6.7471 1.5838
-1.9588 6.7471 1.6577
-1.8803 6.7471 1.7284
-1.7989 6.7471 1.7957
-1.7147 6.7471 1.8596
-1.6280 6.7471 1.9199
-1.5388 6.7471 1.9765
-1.4473 6.7471 2.0293
-1.3536 6.7471 2.0782
-1.2581 6.7471 2.1232
-1.1607 6.7471 2.1642
-1.0616 6.7471 2.2010
-0.9612 6.7471 2.2336
-0.8594 6.7471 2.2620
-0.7566 6.7471 2.2862
-0.6528 6.7471 2.3060
-0.5483 6.7471 2.3214
-0.4432 6.7471 2.3324
-0.3378 6.7471 2.3391
-0.2321 6.7471 2.3413
-0.1265 6.7471 2.3391
-0.0211 6.7471 2.3324
0.0840 6.7471 2.3214
0.1885 6.7471 2.3060
0.2923 6.7471 2.2862
0.3951 6.7471 2.2620
0.4969 6.7471 2.2336
0.5973 6.7471 2.2010
0.6964 6.7471 2.1642
0.7938 6.7471 2.1232
0.8894 6.7471 2.0782
0.9830 6.7471 2.0293
1.0745 6.7471 1.9765
1.1637 6.7471 1.9199
1.2504 6.7471 1.8596
1.3346 6.7471 1.7957
1.4160 6.7471 1.7284
1.4945 6.7471 1.6577
1.5700 6.7471 1.5837
1.6423 6.7471 1.5067
1.7113 6.7471 1.4268
1.7769 6.7471 1.3440
1.8390 6.7471 1.2585
1.8975 6.7471 1.1705
1.9522 6.7471 1.0801
2.0031 6.7471 0.9876
2.0501 6.7471 0.8929
2.0931 6.7471 0.7964
2.1320 6.7471 0.6982
2.1667 6.7471 0.5984
2.1972 6.7471 0.4973
2.2235 6.7471 0.3950
2.2455 6.7471 0.2916
2.2631 6.7471 0.1875
2.2763 6.7471 0.0826
2.2852 6.7471 -0.0226
2.2896 6.7471 -0.1282
2.2896 6.7471 -0.2338
2.2852 6.7471 -0.3394
2.2763 6.7471 -0.4447
2.2631 6.7471 -0.5495
2.2455 6.7471 -0.6536
2.2235 6.7471 -0.7570
2.1972 6.7471 -0.8593
2.1667 6.7471 -0.9604
2.1320 6.7471 -1.0602
2.0931 6.7471 -1.1584
2.0501 6.7471 -1.2549
2.0031 6.7471 -1.3496
1.9522 6.7471 -1.4422
1.8975 6.7471 -1.5325
1.8390 6.7471 -1.6205
1.7769 6.7471 -1.7060
1.7113 6.7471 -1.7888
1.6423 6.7471 -1.8688
1.5700 6.7471 -1.9458
1.4945 6.7471 -2.0197
1.4160 6.7471 -2.0904
1.3346 6.7471 -2.1577
1.2504 6.7471 -2.2216
1.1637 6.7471 -2.2819
1.0745 6.7471 -2.3385
0.9830 6.7471 -2.3913
0.8894 6.7471 -2.4403
0.7938 6.7471 -2.4852
0.6964 6.7471 -2.5262
0.5974 6.7471 -2.5630
0.4969 6.7471 -2.5957
0.3951 6.7471 -2.6241
0.2923 6.7471 -2.6482
0.1885 6.7471 -2.6680
0.0840 6.7471 -2.6834
-0.0211 6.7471 -2.6945
-0.1265 6.7471 -2.7011
-0.2322 6.4972 -3.5372
-0.3727 6.4972 -3.5343
-0.5130 6.4972 -3.5254
-0.6528 6.4972 -3.5107
-0.7919 6.4972 -3.4902
-0.9299 6.4972 -3.4639
-1.0668 6.4972 -3.4318
-1.2022 6.4972 -3.3940
-1.3359 6.4972 -3.3505
-1.4676 6.4972 -3.3015
-1.5972 6.4972 -3.2470
-1.7244 6.4972 -3.1872
-1.8490 6.4972 -3.1221
-1.9707 6.4972 -3.0518
-2.0894 6.4972 -2.9764
-2.2049 6.4972 -2.8962
-2.3168 6.4972 -2.8112
-2.4252 6.4972 -2.7216
-2.5296 6.4972 -2.6276
-2.6301 6.4972 -2.5292
-2.7263 6.4972 -2.4267
-2.8181 6.4972 -2.3203
-2.9055 6.4972 -2.2102
-2.9881 6.4972 -2.0964
-3.0659 6.4972 -1.9793
-3.1387 6.4972 -1.8591
-3.2064 6.4972 -1.7359
-3.2689 6.4972 -1.6100
-3.3261 6.4972 -1.4816
-3.3778 6.4972 -1.3509
-3.4241 6.4972 -1.2181
-3.4647 6.4972 -1.0836
-3.4997 6.4972 -0.9474
-3.5289 6.4972 -0.8099
-3.5523 6.4972 -0.6713
-3.5699 6.4972 -0.5318
-3.5817 6.4972 -0.3917
-3.5876 6.4972 -0.2513
-3.5876 6.4972 -0.1107
-3.5817 6.4972 0.0297
-3.5699 6.4972 0.1698
-3.5523 6.4972 0.3093
-3.5289 6.4972 0.4479
-3.4997 6.4972 0.5854
-3.4647 6.4972 0.7215
-3.4241 6.4972 0.8561
-3.3778 6.4972 0.9889
-3.3261 6.4972 1.1196
-3.2689 6.4972 1.2480
-3.2064 6.4972 1.3739
-3.1387 6.4972 1.4971
-3.0659 6.4972 1.6173
-2.9881 6.4972 1.7344
-2.9054 6.4972 1.8481
-2.8181 6.4972 1.9583
-2.7263 6.4972 2.0647
-2.6300 6.4972 2.1672
-2.5296 6.4972 2.2655
-2.4251 6.4972 2.3596
-2.3168 6.4972 2.4492
-2.2049 6.4972 2.5342
-2.0894 6.4972 2.6144
-1.9707 6.4972 2.6897
-1.8490 6.4972 2.7600
-1.7244 6.4972 2.8252
-1.5972 6.4972 2.8850
-1.4676 6.4972 2.9395
-1.3359 6.4972 2.9885
-1.2022 6.4972 3.0319
-1.0668 6.4972 3.0697
-0.9299 6.4972 3.1018
-0.7919 6.4972 3.1282
-0.6528 6.4972 3.1487
-0.5130 6.4972 3.1634
-0.3727 6.4972 3.1722
-0.2321 6.4972 3.1752
-0.0916 6.4972 3.1722
0.0487 6.4972 3.1634
0.1885 6.4972 3.1487
0.3276 6.4972 3.1282
0.4656 6.4972 3.1018
0.6025 6.4972 3.0697
0.7379 6.4972 3.0319
0.8716 6.4972 2.9885
1.0033 6.4972 2.9395
1.1329 6.4972 2.8850
1.2601 6.4972 2.8252
1.3847 6.4972 2.7600
1.5064 6.4972 2.6897
1.6251 6.4972 2.6144
1.7406 6.4972 2.5342
1.8525 6.4972 2.4492
1.9608 6.4972 2.3596
2.0653 6.4972 2.2655
2.1657 6.4972 2.1672
2.2620 6.4972 2.0647
2.3538 6.4972 1.9583
2.4411 6.4972 1.8481
2.5238 6.4972 1.7344
2.6016 6.4972 1.6173
2.6744 6.4972 1.4971
2.7421 6.4972 1.3739
2.8046 6.4972 1.2480
2.8618 6.4972 1.1196
2.9135 6.4972 0.9889
2.9598 6.4972 0.8561
3.0004 6.4972 0.7215
3.0354 6.4972 0.5854
3.0646 6.4972 0.4479
3.0880 6.4972 0.3093
3.1056 6.4972 0.1698
3.1174 6.4972 0.0297
3.1233 6.4972 -0.1107
3.1233 6.4972 -0.2513
3.1174 6.4972 -0.3917
3.1056 6.4972 -0.5318
3.0880 6.4972 -0.6713
3.0646 6.4972 -0.8099
3.0354 6.4972 -0.9474
3.0004 6.4972 -1.0835
2.9598 6.4972 -1.2181
2.9135 6.4972 -1.3509
2.8618 6.4972 -1.4816
2.8046 6.4972 -1.6100
2.7421 6.4972 -1.7359
2.6744 6.4972 -1.8591
2.6016 6.4972 -1.9793
2.5238 6.4972 -2.0964
2.4412 6.4972 -2.2101
2.3538 6.4972 -2.3203
2.2620 6.4972 -2.4267
2.1658 6.4972 -2.5292
2.0653 6.4972 -2.6276
1.9609 6.4972 -2.7216
1.8525 6.4972 -2.8112
1.7406 6.4972 -2.8962
1.6251 6.4972 -2.9764
1.5065 6.4972 -3.0518
1.3847 6.4972 -3.1220
1.2601 6.4972 -3.1872
1.1330 6.4972 -3.2470
1.0034 6.4972 -3.3015
0.8716 6.4972 -3.3505
0.7379 6.4972 -3.3939
0.6025 6.4972 -3.4317
0.4657 6.4972 -3.4639
0.3276 6.4972 -3.4902
0.1885 6.4972 -3.5107
0.0487 6.4972 -3.5254
-0.0916 6.4972 -3.5343
-0.2322 6.1767 -4.3652
-0.4074 6.1767 -4.3615
-0.5823 6.1767 -4.3505
-0.7566 6.1767 -4.3322
-0.9299 6.1767 -4.3066
-1.1021 6.1767 -4.2738
-1.2727 6.1767 -4.2337
-1.4415 6.1767 -4.1866
-1.6082 6.1767 -4.1324
-1.7724 6.1767 -4.0714
-1.9340 6.1767 -4.0034
-2.0926 6.1767 -3.9288
-2.2479 6.1767 -3.8476
-2.3997 6.1767 -3.7600
-2.5476 6.1767 -3.6661
-2.6915 6.1767 -3.5661
-2.8311 6.1767 -3.4601
-2.9662 6.1767 -3.3484
-3.0964 6.1767 -3.2311
-3.2216 6.1767 -3.1085
-3.3416 6.1767 -2.9808
-3.4561 6.1767 -2.8481
-3.5650 6.1767 -2.7108
-3.6680 6.1767 -2.5690
-3.7650 6.1767 -2.4230
-3.8558 6.1767 -2.2731
-3.9402 6.1767 -2.1195
-4.0181 6.1767 -1.9625
-4.0894 6.1767 -1.8024
-4.1539 6.1767 -1.6395
-4.2115 6.1767 -1.4740
-4.2622 6.1767 -1.3062
-4.3058 6.1767 -1.1365
-4.3422 6.1767 -0.9650
-4.3714 6.1767 -0.7922
-4.3934 6.1767 -0.6184
-4.4081 6.1767 -0.4437
-4.4154 6.1767 -0.2686
-4.4154 6.1767 -0.0934
-4.4081 6.1767 0.0817
-4.3934 6.1767 0.2564
-4.3714 6.1767 0.4302
-4.3422 6.1767 0.6030
-4.3058 6.1767 0.7745
-4.2622 6.1767 0.9442
-4.2115 6.1767 1.1120
-4.1539 6.1767 1.2775
-4.0894 6.1767 1.4404
-4.0181 6.1767 1.6005
-3.9402 6.1767 1.7575
-3.8557 6.1767 1.9111
-3.7650 6.1767 2.0610
-3.6680 6.1767 2.2070
-3.5650 6.1767 2.3487
-3.4561 6.1767 2.4861
-3.3416 6.1767 2.6188
-3.2216 6.1767 2.7465
-3.0964 6.1767 2.8691
-2.9662 6.1767 2.9864
-2.8311 6.1767 3.0981
-2.6915 6.1767 3.2041
-2.5476 6.1767 3.3041
-2.3997 6.1767 3.3980
-2.2479 6.1767 3.4856
-2.0926 6.1767 3.5668
-1.9340 6.1767 3.6414
-1.7724 6.1767 3.7093
-1.6082 6.1767 3.7704
-1.4415 6.1767 3.8246
-1.2727 6.1767 3.8717
-1.1021 6.1767 3.9117
-0.9299 6.1767 3.9446
-0.7566 6.1767 3.9702
-0.5823 6.1767 3.9885
-0.4074 6.1767 3.9995
-0.2321 6.1767 4.0032
-0.0569 6.1767 3.9995
0.1180 6.1767 3.9885
0.2923 6.1767 3.9702
0.4656 6.1767 3.9446
0.6378 6.1767 3.9117
0.8084 6.1767 3.8717
0.9772 6.1767 3.8246
1.1439 6.1767 3.7704
1.3081 6.1767 3.7093
1.4697 6.1767 3.6414
1.6283 6.1767 3.5668
1.7836 6.1767 3.4856
1.9354 6.1767 3.3980
2.0833 6.1767 3.3041
2.2272 6.1767 3.2040
2.3668 6.1767 3.0981
2.5019 6.1767 2.9864
2.6321 6.1767 2.8691
2.7573 6.1767 2.7465
2.8773 6.1767 2.6187
2.9918 6.1767 2.4861
3.1007 6.1767 2.3487
3.2037 6.1767 2.2070
3.3007 6.1767 2.0610
3.3914 6.1767 1.9111
3.4759 6.1767 1.7575
3.5538 6.1767 1.6005
3.6251 6.1767 1.4404
3.6896 6.1767 1.2775
3.7472 6.1767 1.1120
3.7979 6.1767 0.9442
3.8415 6.1767 0.7745
3.8779 6.1767 0.6030
3.9071 6.1767 0.4302
3.9291 6.1767 0.2564
3.9438 6.1767 0.0817
3.9511 6.1767 -0.0934
3.9511 6.1767 -0.2686
3.9438 6.1767 -0.4437
3.9291 6.1767 -0.6184
3.9071 6.1767 -0.7922
3.8779 6.1767 -0.9650
3.8415 6.1767 -1.1365
3.7979 6.1767 -1.3062
3.7472 6.1767 -1.4740
3.6896 6.1767 -1.6395
3.6251 6.1767 -1.8024
3.5538 6.1767 -1.9625
3.4759 6.1767 -2.1195
3.3915 6.1767 -2.2731
3.3007 6.1767 -2.4230
3.2037 6.1767 -2.5690
3.1007 6.1767 -2.7107
2.9918 6.1767 -2.8481
2.8773 6.1767 -2.9808
2.7573 6.1767 -3.1085
2.6321 6.1767 -3.2311
2.5019 6.1767 -3.3484
2.3669 6.1767 -3.4601
2.2273 6.1767 -3.5661
2.0834 6.1767 -3.6661
1.9354 6.1767 -3.7600
1.7836 6.1767 -3.8476
1.6283 6.1767 -3.9288
1.4697 6.1767 -4.0034
1.3082 6.1767 -4.0713
1.1439 6.1767 -4.1324
0.9772 6.1767 -4.1866
0.8084 6.1767 -4.2337
0.6378 6.1767 -4.2737
0.4657 6.1767 -4.3066
0.2923 6.1767 -4.3322
0.1180 6.1767 -4.3505
-0.0569 6.1767 -4.3615
-0.2322 5.7860 -5.1858
-0.4417 5.7860 -5.1814
-0.6509 5.7860 -5.1683
-0.8594 5.7860 -5.1464
-1.0668 5.7860 -5.1158
-1.2727 5.7860 -5.0765
-1.4768 5.7860 -5.0286
-1.6787 5.7860 -4.9722
-1.8781 5.7860 -4.9075
-2.0745 5.7860 -4.8344
-2.2678 5.7860 -4.7531
-2.4575 5.7860 -4.6639
-2.6432 5.7860 -4.5668
-2.8248 5.7860 -4.4620
-3.0018 5.7860 -4.3496
-3.1739 5.7860 -4.2300
-3.3409 5.7860 -4.1033
-3.5024 5.7860 -3.9696
-3.6582 5.7860 -3.8294
-3.8080 5.7860 -3.6827
-3.9515 5.7860 -3.5299
-4.0884 5.7860 -3.3712
-4.2186 5.7860 -3.2069
-4.3419 5.7860 -3.0373
-4.4579 5.7860 -2.8627
-4.5665 5.7860 -2.6834
-4.6674 5.7860 -2.4997
-4.7607 5.7860 -2.3120
-4.8459 5.7860 -2.1205
-4.9231 5.7860 -1.9256
-4.9920 5.7860 -1.7276
-5.0526 5.7860 -1.5269
-5.1047 5.7860 -1.3239
-5.1483 5.7860 -1.1188
-5.1833 5.7860 -0.9121
-5.2096 5.7860 -0.7042
-5.2271 5.7860 -0.4953
-5.2359 5.7860 -0.2858
-5.2359 5.7860 -0.0762
-5.2271 5.7860 0.1333
-5.2096 5.7860 0.3421
-5.1833 5.7860 0.5501
-5.1483 5.7860 0.7568
-5.1047 5.7860 0.9619
-5.0526 5.7860 1.1649
-4.9920 5.7860 1.3656
-4.9231 5.7860 1.5635
-4.8459 5.7860 1.7584
-4.7606 5.7860 1.9499
-4.6674 5.7860 2.1377
-4.5664 5.7860 2.3214
-4.4579 5.7860 2.5007
-4.3418 5.7860 2.6753
-4.2186 5.7860 2.8449
-4.0884 5.7860 3.0092
-3.9514 5.7860 3.1679
-3.8079 5.7860 3.3207
-3.6582 5.7860 3.4674
-3.5024 5.7860 3.6076
-3.3409 5.7860 3.7412
-3.1739 5.7860 3.8680
-3.0018 5.7860 3.9876
-2.8248 5.7860 4.0999
-2.6432 5.7860 4.2048
-2.4575 5.7860 4.3019
-2.2678 5.7860 4.3911
-2.0745 5.7860 4.4724
-1.8781 5.7860 4.5454
-1.6787 5.7860 4.6102
-1.4768 5.7860 4.6666
-1.2727 5.7860 4.7144
-1.0668 5.7860 4.7537
-0.8594 5.7860 4.7843
-0.6509 5.7860 4.8063
-0.4417 5.7860 4.8194
-0.2321 5.7860 4.8238
-0.0226 5.7860 4.8194
0.1866 5.7860 4.8063
0.3951 5.7860 4.7843
0.6025 5.7860 4.7537
0.8084 5.7860 4.7144
1.0125 5.7860 4.6666
1.2144 5.7860 4.6102
1.4138 5.7860 4.5454
1.6102 5.7860 4.4723
1.8035 5.7860 4.3911
1.9932 5.7860 4.3019
2.1789 5.7860 4.2047
2.3605 5.7860 4.0999
2.5375 5.7860 3.9876
2.7096 5.7860 3.8680
2.8766 5.7860 3.7412
3.0381 5.7860 3.6076
3.1939 5.7860 3.4673
3.3437 5.7860 3.3207
3.4872 5.7860 3.1679
3.6241 5.7860 3.0092
3.7543 5.7860 2.8449
3.8775 5.7860 2.6753
3.9936 5.7860 2.5007
4.1021 5.7860 2.3214
4.2031 5.7860 2.1377
4.2963 5.7860 1.9499
4.3816 5.7860 1.7584
4.4588 5.7860 1.5635
4.5277 5.7860 1.3656
4.5883 5.7860 1.1649
4.6404 5.7860 0.9619
4.6840 5.7860 0.7568
4.7190 5.7860 0.5501
4.7452 5.7860 0.3421
4.7628 5.7860 0.1333
4.7716 5.7860 -0.0762
4.7716 5.7860 -0.2858
4.7628 5.7860 -0.4953
4.7453 5.7860 -0.7041
4.7190 5.7860 -0.9121
4.6840 5.7860 -1.1188
4.6404 5.7860 -1.3239
4.5883 5.7860 -1.5269
4.5277 5.7860 -1.7276
4.4588 5.7860 -1.9255
4.3816 5.7860 -2.1204
4.2964 5.7860 -2.3119
4.2031 5.7860 -2.4997
4.1022 5.7860 -2.6834
3.9936 5.7860 -2.8627
3.8776 5.7860 -3.0373
3.7544 5.7860 -3.2069
3.6241 5.7860 -3.3712
3.4872 5.7860 -3.5299
3.3437 5.7860 -3.6827
3.1939 5.7860 -3.8294
3.0381 5.7860 -3.9696
2.8766 5.7860 -4.1032
2.7096 5.7860 -4.2300
2.5375 5.7860 -4.3496
2.3605 5.7860 -4.4619
2.1790 5.7860 -4.5668
1.9932 5.7860 -4.6639
1.8035 5.7860 -4.7531
1.6103 5.7860 -4.8344
1.4138 5.7860 -4.9074
1.2144 5.7860 -4.9722
1.0125 5.7860 -5.0286
0.8084 5.7860 -5.0765
0.6025 5.7860 -5.1157
0.3952 5.7860 -5.1464
0.1867 5.7860 -5.1683
-0.0225 5.7860 -5.1814
-0.2322 5.3260 -5.9977
-0.4757 5.3260 -5.9926
-0.7189 5.3260 -5.9773
-0.9612 5.3260 -5.9518
-1.2022 5.3260 -5.9163
-1.4415 5.3260 -5.8706
-1.6787 5.3260 -5.8150
-1.9134 5.3260 -5.7494
-2.1451 5.3260 -5.6742
-2.3734 5.3260 -5.5892
-2.5980 5.3260 -5.4948
-2.8185 5.3260 -5.3911
-3.0344 5.3260 -5.2782
-3.2454 5.3260 -5.1564
-3.4511 5.3260 -5.0259
-3.6511 5.3260 -4.8868
-3.8452 5.3260 -4.7395
-4.0329 5.3260 -4.5842
-4.2140 5.3260 -4.4212
-4.3880 5.3260 -4.2507
-4.5548 5.3260 -4.0731
-4.7140 5.3260 -3.8887
-4.8653 5.3260 -3.6978
-5.0085 5.3260 -3.5007
-5.1434 5.3260 -3.2978
-5.2696 5.3260 -3.0894
-5.3869 5.3260 -2.8759
-5.4953 5.3260 -2.6576
-5.5944 5.3260 -2.4351
-5.6840 5.3260 -2.2085
-5.7642 5.3260 -1.9785
-5.8346 5.3260 -1.7452
-5.8952 5.3260 -1.5093
-5.9458 5.3260 -1.2709
-5.9864 5.3260 -1.0307
-6.0170 5.3260 -0.7890
-6.0374 5.3260 -0.5462
-6.0476 5.3260 -0.3028
-6.0476 5.3260 -0.0592
-6.0374 5.3260 0.1842
-6.0170 5.3260 0.4270
-5.9864 5.3260 0.6687
-5.9458 5.3260 0.9089
-5.8952 5.3260 1.1472
-5.8346 5.3260 1.3832
-5.7642 5.3260 1.6165
-5.6840 5.3260 1.8465
-5.5943 5.3260 2.0731
-5.4952 5.3260 2.2956
-5.3869 5.3260 2.5139
-5.2695 5.3260 2.7273
-5.1433 5.3260 2.9357
-5.0085 5.3260 3.1387
-4.8653 5.3260 3.3358
-4.7140 5.3260 3.5267
-4.5548 5.3260 3.7111
-4.3880 5.3260 3.8887
-4.2139 5.3260 4.0592
-4.0329 5.3260 4.2222
-3.8452 5.3260 4.3775
-3.6511 5.3260 4.5248
-3.4510 5.3260 4.6638
-3.2453 5.3260 4.7944
-3.0343 5.3260 4.9162
-2.8184 5.3260 5.0291
-2.5980 5.3260 5.1328
-2.3734 5.3260 5.2272
-2.1451 5.3260 5.3121
-1.9133 5.3260 5.3874
-1.6787 5.3260 5.4529
-1.4415 5.3260 5.5086
-1.2022 5.3260 5.5542
-0.9612 5.3260 5.5898
-0.7189 5.3260 5.6153
-0.4757 5.3260 5.6306
-0.2321 5.3260 5.6357
0.0114 5.3260 5.6306
0.2546 5.3260 5.6153
0.4969 5.3260 5.5898
0.7379 5.3260 5.5542
0.9772 5.3260 5.5086
1.2144 5.3260 5.4529
1.4491 5.3260 5.3874
1.6808 5.3260 5.3121
1.9091 5.3260 5.2272
2.1337 5.3260 5.1328
2.3542 5.3260 5.0291
2.5701 5.3260 4.9162
2.7811 5.3260 4.7944
2.9868 5.3260 4.6638
3.1868 5.3260 4.5248
3.3809 5.3260 4.3775
3.5686 5.3260 4.2222
3.7496 5.3260 4.0592
3.9237 5.3260 3.8887
4.0905 5.3260 3.7111
4.2497 5.3260 3.5267
4.4010 5.3260 3.3358
4.5442 5.3260 3.1387
4.6790 5.3260 2.9357
4.8052 5.3260 2.7273
4.9226 5.3260 2.5138
5.0309 5.3260 2.2956
5.1300 5.3260 2.0731
5.2197 5.3260 1.8465
5.2998 5.3260 1.6165
5.3703 5.3260 1.3832
5.4309 5.3260 1.1472
5.4815 5.3260 0.9089
5.5221 5.3260 0.6687
5.5527 5.3260 0.4270
5.5731 5.3260 0.1842
5.5833 5.3260 -0.0592
5.5833 5.3260 -0.3028
5.5731 5.3260 -0.5462
5.5527 5.3260 -0.7890
5.5221 5.3260 -1.0307
5.4815 5.3260 -1.2709
5.4309 5.3260 -1.5092
5.3703 5.3260 -1.7452
5.2999 5.3260 -1.9784
5.2197 5.3260 -2.2085
5.1301 5.3260 -2.4351
5.0310 5.3260 -2.6576
4.9226 5.3260 -2.8758
4.8053 5.3260 -3.0893
4.6791 5.3260 -3.2977
4.5442 5.3260 -3.5007
4.4010 5.3260 -3.6978
4.2497 5.3260 -3.8887
4.0905 5.3260 -4.0731
3.9237 5.3260 -4.2507
3.7497 5.3260 -4.4212
3.5686 5.3260 -4.5842
3.3809 5.3260 -4.7395
3.1868 5.3260 -4.8868
2.9868 5.3260 -5.0258
2.7811 5.3260 -5.1564
2.5701 5.3260 -5.2782
2.3542 5.3260 -5.3911
2.1337 5.3260 -5.4948
1.9092 5.3260 -5.5892
1.6808 5.3260 -5.6741
1.4491 5.3260 -5.7494
1.2144 5.3260 -5.8150
0.9773 5.3260 -5.8706
0.7379 5.3260 -5.9162
0.4969 5.3260 -5.9518
0.2546 5.3260 -5.9773
0.0115 5.3260 -5.9926
-0.2322 4.7974 -6.7994
-0.5093 4.7974 -6.7936
-0.7860 4.7974 -6.7762
-1.0617 4.7974 -6.7472
-1.3359 4.7974 -6.7067
-1.6082 4.7974 -6.6547
-1.8781 4.7974 -6.5914
-2.1451 4.7974 -6.5169
-2.4087 4.7974 -6.4312
-2.6685 4.7974 -6.3346
-2.9241 4.7974 -6.2272
-3.1749 4.7974 -6.1092
-3.4206 4.7974 -5.9807
-3.6606 4.7974 -5.8421
-3.8947 4.7974 -5.6936
-4.1223 4.7974 -5.5354
-4.3431 4.7974 -5.3678
-4.5567 4.7974 -5.1911
-4.7627 4.7974 -5.0056
-4.9608 4.7974 -4.8116
-5.1506 4.7974 -4.6096
-5.3317 4.7974 -4.3997
-5.5039 4.7974 -4.1825
-5.6668 4.7974 -3.9582
-5.8202 4.7974 -3.7273
-5.9638 4.7974 -3.4902
-6.0974 4.7974 -3.2473
-6.2206 4.7974 -2.9990
-6.3334 4.7974 -2.7457
-6.4354 4.7974 -2.4880
-6.5266 4.7974 -2.2262
-6.6067 4.7974 -1.9608
-6.6756 4.7974 -1.6923
-6.7333 4.7974 -1.4212
-6.7795 4.7974 -1.1478
-6.8143 4.7974 -0.8728
-6.8375 4.7974 -0.5966
-6.8491 4.7974 -0.3196
-6.8491 4.7974 -0.0424
-6.8375 4.7974 0.2346
-6.8143 4.7974 0.5108
-6.7795 4.7974 0.7858
-6.7333 4.7974 1.0592
-6.6756 4.7974 1.3303
-6.6067 4.7974 1.5988
-6.5266 4.7974 1.8642
-6.4354 4.7974 2.1260
-6.3334 4.7974 2.3837
-6.2206 4.7974 2.6370
-6.0974 4.7974 2.8853
-5.9638 4.7974 3.1282
-5.8202 4.7974 3.3653
-5.6668 4.7974 3.5962
-5.5039 4.7974 3.8205
-5.3317 4.7974 4.0377
-5.1505 4.7974 4.2476
-4.9608 4.7974 4.4496
-4.7627 4.7974 4.6436
-4.5567 4.7974 4.8291
-4.3431 4.7974 5.0058
-4.1223 4.7974 5.1734
-3.8947 4.7974 5.3316
-3.6606 4.7974 5.4801
-3.4206 4.7974 5.6187
-3.1749 4.7974 5.7471
-2.9241 4.7974 5.8652
-2.6685 4.7974 5.9726
-2.4087 4.7974 6.0692
-2.1451 4.7974 6.1549
-1.8781 4.7974 6.2294
-1.6082 4.7974 6.2927
-1.3359 4.7974 6.3447
-1.0616 4.7974 6.3852
-0.7859 4.7974 6.4141
-0.5093 4.7974 6.4315
-0.2321 4.7974 6.4373
0.0450 4.7974 6.4315
0.3217 4.7974 6.4141
0.5974 4.7974 6.3852
0.8716 4.7974 6.3447
1.1439 4.7974 6.2927
1.4138 4.7974 6.2294
1.6808 4.7974 6.1549
1.9444 4.7974 6.0692
2.2042 4.7974 5.9726
2.4598 4.7974 5.8652
2.7106 4.7974 5.7471
2.9563 4.7974 5.6187
3.1963 4.7974 5.4801
3.4304 4.7974 5.3316
3.6580 4.7974 5.1733
3.8788 4.7974 5.0057
4.0924 4.7974 4.8291
4.2984 4.7974 4.6436
4.4965 4.7974 4.4496
4.6862 4.7974 4.2475
4.8674 4.7974 4.0377
5.0396 4.7974 3.8204
5.2025 4.7974 3.5962
5.3559 4.7974 3.3653
5.4995 4.7974 3.1282
5.6331 4.7974 2.8853
5.7563 4.7974 2.6370
5.8691 4.7974 2.3837
5.9711 4.7974 2.1260
6.0623 4.7974 1.8642
6.1424 4.7974 1.5988
6.2113 4.7974 1.3303
6.2690 4.7974 1.0592
6.3152 4.7974 0.7858
6.3499 4.7974 0.5108
6.3731 4.7974 0.2346
6.3848 4.7974 -0.0424
6.3848 4.7974 -0.3196
6.3731 4.7974 -0.5966
6.3500 4.7974 -0.8728
6.3152 4.7974 -1.1478
6.2690 4.7974 -1.4211
6.2113 4.7974 -1.6923
6.1424 4.7974 -1.9608
6.0623 4.7974 -2.2262
5.9711 4.7974 -2.4880
5.8691 4.7974 -2.7457
5.7563 4.7974 -2.9989
5.6331 4.7974 -3.2472
5.4995 4.7974 -3.4902
5.3559 4.7974 -3.7273
5.2025 4.7974 -3.9582
5.0396 4.7974 -4.1824
4.8674 4.7974 -4.3997
4.6863 4.7974 -4.6095
4.4965 4.7974 -4.8116
4.2985 4.7974 -5.0056
4.0925 4.7974 -5.1911
3.8789 4.7974 -5.3678
3.6581 4.7974 -5.5354
3.4304 4.7974 -5.6936
3.1964 4.7974 -5.8421
2.9563 4.7974 -5.9807
2.7106 4.7974 -6.1091
2.4598 4.7974 -6.2272
2.2043 4.7974 -6.3346
1.9445 4.7974 -6.4312
1.6808 4.7974 -6.5169
1.4138 4.7974 -6.5914
1.1439 4.7974 -6.6547
0.8716 4.7974 -6.7067
0.5974 4.7974 -6.7472
0.3217 4.7974 -6.7762
0.0451 4.7974 -6.7936
-0.2322 4.2011 -7.5894
-0.5424 4.2011 -7.5829
-0.8521 4.2011 -7.5634
-1.1607 4.2011 -7.5310
-1.4676 4.2011 -7.4857
-1.7724 4.2011 -7.4275
-2.0745 4.2011 -7.3567
-2.3734 4.2011 -7.2732
-2.6685 4.2011 -7.1773
-2.9594 4.2011 -7.0692
-3.2454 4.2011 -6.9489
-3.5262 4.2011 -6.8168
-3.8012 4.2011 -6.6731
-4.0699 4.2011 -6.5179
-4.3319 4.2011 -6.3516
-4.5867 4.2011 -6.1746
-4.8339 4.2011 -5.9869
-5.0730 4.2011 -5.7891
-5.3036 4.2011 -5.5815
-5.5253 4.2011 -5.3644
-5.7377 4.2011 -5.1382
-5.9404 4.2011 -4.9033
-6.1332 4.2011 -4.6601
-6.3156 4.2011 -4.4091
-6.4873 4.2011 -4.1506
-6.6480 4.2011 -3.8852
-6.7975 4.2011 -3.6133
-6.9355 4.2011 -3.3354
-7.0617 4.2011 -3.0519
-7.1759 4.2011 -2.7634
-7.2780 4.2011 -2.4703
-7.3677 4.2011 -2.1733
-7.4448 4.2011 -1.8727
-7.5093 4.2011 -1.5692
-7.5611 4.2011 -1.2632
-7.6000 4.2011 -0.9554
-7.6259 4.2011 -0.6462
-7.6389 4.2011 -0.3362
-7.6389 4.2011 -0.0258
-7.6259 4.2011 0.2842
-7.6000 4.2011 0.5934
-7.5611 4.2011 0.9012
-7.5093 4.2011 1.2072
-7.4448 4.2011 1.5107
-7.3677 4.2011 1.8113
-7.2780 4.2011 2.1083
-7.1759 4.2011 2.4014
-7.0617 4.2011 2.6899
-6.9355 4.2011 2.9734
-6.7975 4.2011 3.2513
-6.6480 4.2011 3.5232
-6.4873 4.2011 3.7886
-6.3155 4.2011 4.0471
-6.1332 4.2011 4.2981
-5.9404 4.2011 4.5413
-5.7377 4.2011 4.7762
-5.5252 4.2011 5.0024
-5.3035 4.2011 5.2195
-5.0729 4.2011 5.4271
-4.8338 4.2011 5.6249
-4.5867 4.2011 5.8125
-4.3319 4.2011 5.9896
-4.0699 4.2011 6.1559
-3.8012 4.2011 6.3110
-3.5262 4.2011 6.4548
-3.2454 4.2011 6.5869
-2.9593 4.2011 6.7072
-2.6685 4.2011 6.8153
-2.3734 4.2011 6.9112
-2.0745 4.2011 6.9947
-1.7724 4.2011 7.0655
-1.4676 4.2011 7.1237
-1.1607 4.2011 7.1690
-0.8521 4.2011 7.2014
-0.5424 4.2011 7.2209
-0.2321 4.2011 7.2274
0.0781 4.2011 7.2209
0.3878 4.2011 7.2014
0.6964 4.2011 7.1690
1.0033 4.2011 7.1236
1.3082 4.2011 7.0655
1.6103 4.2011 6.9946
1.9091 4.2011 6.9112
2.2042 4.2011 6.8153
2.4951 4.2011 6.7072
2.7811 4.2011 6.5869
3.0619 4.2011 6.4548
3.3369 4.2011 6.3110
3.6056 4.2011 6.1559
3.8676 4.2011 5.9896
4.1224 4.2011 5.8125
4.3696 4.2011 5.6249
4.6087 4.2011 5.4271
4.8393 4.2011 5.2195
5.0610 4.2011 5.0024
5.2734 4.2011 4.7762
5.4761 4.2011 4.5413
5.6689 4.2011 4.2981
5.8513 4.2011 4.0471
6.0230 4.2011 3.7886
6.1837 4.2011 3.5232
6.3332 4.2011 3.2513
6.4712 4.2011 2.9733
6.5974 4.2011 2.6899
6.7116 4.2011 2.4014
6.8137 4.2011 2.1083
6.9033 4.2011 1.8113
6.9805 4.2011 1.5107
7.0450 4.2011 1.2072
7.0968 4.2011 0.9012
7.1357 4.2011 0.5934
7.1616 4.2011 0.2842
7.1746 4.2011 -0.0258
7.1746 4.2011 -0.3361
7.1616 4.2011 -0.6462
7.1357 4.2011 -0.9554
7.0968 4.2011 -1.2632
7.0450 4.2011 -1.5692
6.9805 4.2011 -1.8727
6.9034 4.2011 -2.1733
6.8137 4.2011 -2.4703
6.7116 4.2011 -2.7634
6.5974 4.2011 -3.0519
6.4712 4.2011 -3.3353
6.3332 4.2011 -3.6133
6.1837 4.2011 -3.8852
6.0230 4.2011 -4.1506
5.8513 4.2011 -4.4091
5.6689 4.2011 -4.6601
5.4762 4.2011 -4.9033
5.2734 4.2011 -5.1382
5.0610 4.2011 -5.3644
4.8393 4.2011 -5.5815
4.6087 4.2011 -5.7891
4.3696 4.2011 -5.9869
4.1224 4.2011 -6.1745
3.8676 4.2011 -6.3516
3.6056 4.2011 -6.5179
3.3369 4.2011 -6.6730
3.0619 4.2011 -6.8168
2.7812 4.2011 -6.9489
2.4951 4.2011 -7.0692
2.2043 4.2011 -7.1773
1.9092 4.2011 -7.2732
1.6103 4.2011 -7.3567
1.3082 4.2011 -7.4275
1.0034 4.2011 -7.4857
0.6964 4.2011 -7.5310
0.3878 4.2011 -7.5634
0.0781 4.2011 -7.5829
-0.2322 3.5382 -8.3665
-0.5749 3.5382 -8.3593
-0.9171 3.5382 -8.3378
-1.2581 3.5382 -8.3019
-1.5972 3.5382 -8.2519
-1.9340 3.5382 -8.1876
-2.2678 3.5382 -8.1093
-2.5980 3.5382 -8.0171
-2.9241 3.5382 -7.9112
-3.2454 3.5382 -7.7917
-3.5615 3.5382 -7.6588
-3.8717 3.5382 -7.5128
-4.1755 3.5382 -7.3540
-4.4724 3.5382 -7.1826
-4.7619 3.5382 -6.9989
-5.0435 3.5382 -6.8032
-5.3165 3.5382 -6.5959
-5.5807 3.5382 -6.3774
-5.8355 3.5382 -6.1480
-6.0805 3.5382 -5.9081
-6.3151 3.5382 -5.6582
-6.5392 3.5382 -5.3986
-6.7521 3.5382 -5.1299
-6.9537 3.5382 -4.8526
-7.1434 3.5382 -4.5670
-7.3210 3.5382 -4.2737
-7.4862 3.5382 -3.9733
-7.6386 3.5382 -3.6662
-7.7780 3.5382 -3.3530
-7.9043 3.5382 -3.0342
-8.0170 3.5382 -2.7105
-8.1161 3.5382 -2.3822
-8.2014 3.5382 -2.0502
-8.2726 3.5382 -1.7148
-8.3298 3.5382 -1.3768
-8.3728 3.5382 -1.0366
-8.4015 3.5382 -0.6950
-8.4158 3.5382 -0.3524
-8.4158 3.5382 -0.0096
-8.4015 3.5382 0.3330
-8.3728 3.5382 0.6746
-8.3298 3.5382 1.0148
-8.2726 3.5382 1.3528
-8.2014 3.5382 1.6882
-8.1161 3.5382 2.0202
-8.0170 3.5382 2.3485
-7.9042 3.5382 2.6722
-7.7780 3.5382 2.9910
-7.6386 3.5382 3.3042
-7.4861 3.5382 3.6113
-7.3210 3.5382 3.9117
-7.1434 3.5382 4.2050
-6.9536 3.5382 4.4906
-6.7521 3.5382 4.7679
-6.5391 3.5382 5.0366
-6.3151 3.5382 5.2962
-6.0804 3.5382 5.5461
-5.8355 3.5382 5.7860
-5.5807 3.5382 6.0154
-5.3165 3.5382 6.2339
-5.0434 3.5382 6.4412
-4.7619 3.5382 6.6369
-4.4724 3.5382 6.8206
-4.1755 3.5382 6.9920
-3.8717 3.5382 7.1508
-3.5615 3.5382 7.2968
-3.2454 3.5382 7.4297
-2.9241 3.5382 7.5492
-2.5980 3.5382 7.6551
-2.2678 3.5382 7.7473
-1.9340 3.5382 7.8256
-1.5972 3.5382 7.8898
-1.2580 3.5382 7.9399
-0.9171 3.5382 7.9757
-0.5749 3.5382 7.9973
-0.2321 3.5382 8.0045
0.1106 3.5382 7.9973
0.4528 3.5382 7.9757
0.7938 3.5382 7.9399
1.1329 3.5382 7.8898
1.4697 3.5382 7.8256
1.8035 3.5382 7.7473
2.1337 3.5382 7.6551
2.4598 3.5382 7.5491
2.7811 3.5382 7.4296
3.0972 3.5382 7.2968
3.4074 3.5382 7.1508
3.7112 3.5382 6.9920
4.0081 3.5382 6.8205
4.2976 3.5382 6.6368
4.5791 3.5382 6.4412
4.8522 3.5382 6.2339
5.1164 3.5382 6.0153
5.3712 3.5382 5.7859
5.6161 3.5382 5.5461
5.8508 3.5382 5.2961
6.0749 3.5382 5.0366
6.2878 3.5382 4.7679
6.4893 3.5382 4.4906
6.6791 3.5382 4.2050
6.8567 3.5382 3.9117
7.0218 3.5382 3.6113
7.1743 3.5382 3.3042
7.3137 3.5382 2.9910
7.4399 3.5382 2.6722
7.5527 3.5382 2.3485
7.6518 3.5382 2.0202
7.7370 3.5382 1.6882
7.8083 3.5382 1.3528
7.8655 3.5382 1.0148
7.9085 3.5382 0.6746
7.9372 3.5382 0.3330
7.9515 3.5382 -0.0096
7.9515 3.5382 -0.3524
7.9372 3.5382 -0.6950
7.9085 3.5382 -1.0366
7.8655 3.5382 -1.3767
7.8083 3.5382 -1.7148
7.7371 3.5382 -2.0501
7.6518 3.5382 -2.3822
7.5527 3.5382 -2.7104
7.4400 3.5382 -3.0342
7.3137 3.5382 -3.3530
7.1743 3.5382 -3.6662
7.0219 3.5382 -3.9733
6.8567 3.5382 -4.2737
6.6791 3.5382 -4.5670
6.4894 3.5382 -4.8525
6.2878 3.5382 -5.1299
6.0749 3.5382 -5.3986
5.8509 3.5382 -5.6581
5.6162 3.5382 -5.9081
5.3712 3.5382 -6.1479
5.1164 3.5382 -6.3773
4.8523 3.5382 -6.5959
4.5792 3.5382 -6.8032
4.2977 3.5382 -6.9988
4.0082 3.5382 -7.1825
3.7113 3.5382 -7.3540
3.4074 3.5382 -7.5128
3.0972 3.5382 -7.6588
2.7812 3.5382 -7.7917
2.4598 3.5382 -7.9112
2.1338 3.5382 -8.0171
1.8036 3.5382 -8.1093
1.4698 3.5382 -8.1876
1.1330 3.5382 -8.2519
0.7938 3.5382 -8.3019
0.4529 3.5382 -8.3378
0.1107 3.5382 -8.3593
-0.2322 2.8098 -9.1292
-0.6069 2.8098 -9.1213
-0.9809 2.8098 -9.0978
-1.3537 2.8098 -9.0586
-1.7244 2.8098 -9.0039
-2.0926 2.8098 -8.9337
-2.4575 2.8098 -8.8481
-2.8185 2.8098 -8.7473
-3.1749 2.8098 -8.6315
-3.5262 2.8098 -8.5008
-3.8717 2.8098 -8.3556
-4.2108 2.8098 -8.1960
-4.5430 2.8098 -8.0224
-4.8675 2.8098 -7.8350
-5.1840 2.8098 -7.6341
-5.4918 2.8098 -7.4202
-5.7903 2.8098 -7.1936
-6.0791 2.8098 -6.9547
-6.3576 2.8098 -6.7039
-6.6254 2.8098 -6.4417
-6.8819 2.8098 -6.1685
-7.1268 2.8098 -5.8848
-7.3596 2.8098 -5.5911
-7.5799 2.8098 -5.2879
-7.7873 2.8098 -4.9757
-7.9815 2.8098 -4.6551
-8.1621 2.8098 -4.3267
-8.3287 2.8098 -3.9910
-8.4811 2.8098 -3.6486
-8.6191 2.8098 -3.3001
-8.7424 2.8098 -2.9461
-8.8507 2.8098 -2.5873
-8.9439 2.8098 -2.2243
-9.0218 2.8098 -1.8577
-9.0843 2.8098 -1.4882
-9.1313 2.8098 -1.1163
-9.1627 2.8098 -0.7429
-9.1784 2.8098 -0.3684
-9.1784 2.8098 0.0064
-9.1627 2.8098 0.3809
-9.1313 2.8098 0.7543
-9.0843 2.8098 1.1262
-9.0218 2.8098 1.4957
-8.9439 2.8098 1.8623
-8.8507 2.8098 2.2253
-8.7424 2.8098 2.5841
-8.6191 2.8098 2.9381
-8.4811 2.8098 3.2866
-8.3287 2.8098 3.6290
-8.1620 2.8098 3.9647
-7.9815 2.8098 4.2931
-7.7873 2.8098 4.6137
-7.5799 2.8098 4.9259
-7.3596 2.8098 5.2291
-7.1268 2.8098 5.5228
-6.8819 2.8098 5.8065
-6.6254 2.8098 6.0797
-6.3576 2.8098 6.3419
-6.0790 2.8098 6.5927
-5.7903 2.8098 6.8316
-5.4917 2.8098 7.0582
-5.1840 2.8098 7.2721
-4.8675 2.8098 7.4729
-4.5429 2.8098 7.6603
-4.2108 2.8098 7.8340
-3.8717 2.8098 7.9936
-3.5262 2.8098 8.1388
-3.1749 2.8098 8.2694
-2.8184 2.8098 8.3852
-2.4574 2.8098 8.4860
-2.0926 2.8098 8.5716
-1.7244 2.8098 8.6418
-1.3536 2.8098 8.6966
-0.9809 2.8098 8.7358
-0.6068 2.8098 8.7593
-0.2321 2.8098 8.7672
0.1426 2.8098 8.7593
0.5166 2.8098 8.7358
0.8894 2.8098 8.6966
1.2601 2.8098 8.6418
1.6283 2.8098 8.5716
1.9932 2.8098 8.4860
2.3542 2.8098 8.3852
2.7106 2.8098 8.2694
3.0619 2.8098 8.1388
3.4074 2.8098 7.9935
3.7465 2.8098 7.8340
4.0787 2.8098 7.6603
4.4032 2.8098 7.4729
4.7197 2.8098 7.2721
5.0274 2.8098 7.0582
5.3260 2.8098 6.8316
5.6148 2.8098 6.5927
5.8933 2.8098 6.3419
6.1611 2.8098 6.0797
6.4176 2.8098 5.8065
6.6625 2.8098 5.5228
6.8953 2.8098 5.2290
7.1156 2.8098 4.9258
7.3230 2.8098 4.6137
7.5172 2.8098 4.2931
7.6977 2.8098 3.9646
7.8644 2.8098 3.6289
8.0168 2.8098 3.2866
8.1548 2.8098 2.9381
8.2781 2.8098 2.5841
8.3864 2.8098 2.2253
8.4796 2.8098 1.8623
8.5575 2.8098 1.4957
8.6200 2.8098 1.1262
8.6670 2.8098 0.7543
8.6984 2.8098 0.3809
8.7141 2.8098 0.0064
8.7141 2.8098 -0.3684
8.6984 2.8098 -0.7428
8.6670 2.8098 -1.1163
8.6200 2.8098 -1.4882
8.5575 2.8098 -1.8577
8.4796 2.8098 -2.2243
8.3864 2.8098 -2.5873
8.2781 2.8098 -2.9461
8.1548 2.8098 -3.3001
8.0169 2.8098 -3.6485
7.8644 2.8098 -3.9909
7.6978 2.8098 -4.3266
7.5172 2.8098 -4.6551
7.3231 2.8098 -4.9756
7.1157 2.8098 -5.2878
6.8954 2.8098 -5.5910
6.6626 2.8098 -5.8848
6.4177 2.8098 -6.1685
6.1611 2.8098 -6.4417
5.8933 2.8098 -6.7039
5.6148 2.8098 -6.9547
5.3260 2.8098 -7.1936
5.0275 2.8098 -7.4202
4.7197 2.8098 -7.6341
4.4033 2.8098 -7.8349
4.0787 2.8098 -8.0223
3.7466 2.8098 -8.1960
3.4075 2.8098 -8.3556
3.0620 2.8098 -8.5008
2.7107 2.8098 -8.6314
2.3542 2.8098 -8.7473
1.9932 2.8098 -8.8480
1.6283 2.8098 -8.9336
1.2602 2.8098 -9.0039
0.8894 2.8098 -9.0586
0.5167 2.8098 -9.0978
0.1426 2.8098 -9.1213
-0.2322 2.0173 -9.8762
-0.6381 2.0173 -9.8677
-1.0434 2.0173 -9.8422
-1.4473 2.0173 -9.7997
-1.8490 2.0173 -9.7404
-2.2479 2.0173 -9.6643
-2.6432 2.0173 -9.5716
-3.0344 2.0173 -9.4624
-3.4206 2.0173 -9.3369
-3.8012 2.0173 -9.1954
-4.1755 2.0173 -9.0380
-4.5430 2.0173 -8.8651
-4.9028 2.0173 -8.6770
-5.2545 2.0173 -8.4739
-5.5974 2.0173 -8.2563
-5.9308 2.0173 -8.0246
-6.2543 2.0173 -7.7791
-6.5672 2.0173 -7.5202
-6.8690 2.0173 -7.2485
-7.1591 2.0173 -6.9644
-7.4371 2.0173 -6.6683
-7.7024 2.0173 -6.3609
-7.9547 2.0173 -6.0427
-8.1933 2.0173 -5.7142
-8.4181 2.0173 -5.3759
-8.6284 2.0173 -5.0286
-8.8241 2.0173 -4.6727
-9.0046 2.0173 -4.3090
-9.1698 2.0173 -3.9380
-9.3193 2.0173 -3.5605
-9.4528 2.0173 -3.1770
-9.5702 2.0173 -2.7882
-9.6712 2.0173 -2.3949
-9.7556 2.0173 -1.9977
-9.8233 2.0173 -1.5973
-9.8742 2.0173 -1.1944
-9.9082 2.0173 -0.7898
-9.9252 2.0173 -0.3840
-9.9252 2.0173 0.0220
-9.9082 2.0173 0.4278
-9.8742 2.0173 0.8324
-9.8233 2.0173 1.2353
-9.7556 2.0173 1.6357
-9.6712 2.0173 2.0329
-9.5702 2.0173 2.4262
-9.4528 2.0173 2.8150
-9.3193 2.0173 3.1985
-9.1698 2.0173 3.5760
-9.0046 2.0173 3.9470
-8.8240 2.0173 4.3107
-8.6284 2.0173 4.6666
-8.4180 2.0173 5.0139
-8.1933 2.0173 5.3522
-7.9546 2.0173 5.6807
-7.7024 2.0173 5.9989
-7.4370 2.0173 6.3063
-7.1591 2.0173 6.6024
-6.8689 2.0173 6.8865
-6.5671 2.0173 7.1582
-6.2543 2.0173 7.4171
-5.9308 2.0173 7.6626
-5.5973 2.0173 7.8943
-5.2545 2.0173 8.1119
-4.9028 2.0173 8.3149
-4.5429 2.0173 8.5031
-4.1755 2.0173 8.6760
-3.8012 2.0173 8.8333
-3.4205 2.0173 8.9749
-3.0343 2.0173 9.1004
-2.6432 2.0173 9.2096
-2.2479 2.0173 9.3023
-1.8490 2.0173 9.3784
-1.4473 2.0173 9.4377
-1.0434 2.0173 9.4802
-0.6381 2.0173 9.5057
-0.2321 2.0173 9.5142
0.1739 2.0173 9.5056
0.5791 2.0173 9.4802
0.9830 2.0173 9.4377
1.3847 2.0173 9.3784
1.7836 2.0173 9.3023
2.1789 2.0173 9.2096
2.5701 2.0173 9.1004
2.9563 2.0173 8.9749
3.3369 2.0173 8.8333
3.7112 2.0173 8.6760
4.0787 2.0173 8.5031
4.4385 2.0173 8.3149
4.7902 2.0173 8.1119
5.1331 2.0173 7.8943
5.4665 2.0173 7.6625
5.7900 2.0173 7.4170
6.1029 2.0173 7.1582
6.4046 2.0173 6.8865
6.6948 2.0173 6.6023
6.9728 2.0173 6.3063
7.2381 2.0173 5.9989
7.4903 2.0173 5.6807
7.7290 2.0173 5.3522
7.9537 2.0173 5.0139
8.1641 2.0173 4.6666
8.3597 2.0173 4.3107
8.5403 2.0173 3.9470
8.7055 2.0173 3.5760
8.8549 2.0173 3.1985
8.9885 2.0173 2.8150
9.1059 2.0173 2.4262
9.2069 2.0173 2.0329
9.2913 2.0173 1.6357
9.3590 2.0173 1.2353
9.4099 2.0173 0.8324
9.4439 2.0173 0.4278
9.4609 2.0173 0.0221
9.4609 2.0173 -0.3840
9.4439 2.0173 -0.7897
9.4099 2.0173 -1.1944
9.3590 2.0173 -1.5973
9.2913 2.0173 -1.9977
9.2069 2.0173 -2.3949
9.1059 2.0173 -2.7882
8.9885 2.0173 -3.1769
8.8550 2.0173 -3.5604
8.7055 2.0173 -3.9380
8.5403 2.0173 -4.3090
8.3598 2.0173 -4.6727
8.1641 2.0173 -5.0286
7.9538 2.0173 -5.3759
7.7291 2.0173 -5.7141
7.4904 2.0173 -6.0427
7.2381 2.0173 -6.3609
6.9728 2.0173 -6.6683
6.6948 2.0173 -6.9643
6.4047 2.0173 -7.2485
6.1029 2.0173 -7.5202
5.7900 2.0173 -7.7790
5.4666 2.0173 -8.0245
5.1331 2.0173 -8.2563
4.7903 2.0173 -8.4739
4.4386 2.0173 -8.6769
4.0787 2.0173 -8.8651
3.7113 2.0173 -9.0380
3.3369 2.0173 -9.1953
2.9563 2.0173 -9.3369
2.5701 2.0173 -9.4624
2.1790 2.0173 -9.5716
1.7837 2.0173 -9.6643
1.3848 2.0173 -9.7404
0.9831 2.0173 -9.7997
0.5792 2.0173 -9.8422
0.1739 2.0173 -9.8677
-0.2322 1.1619 -10.6062
-0.6687 1.1619 -10.5970
-1.1045 1.1619 -10.5696
-1.5388 1.1619 -10.5240
-1.9707 1.1619 -10.4602
-2.3997 1.1619 -10.3784
-2.8248 1.1619 -10.2787
-3.2454 1.1619 -10.1612
-3.6606 1.1619 -10.0263
-4.0699 1.1619 -9.8741
-4.4724 1.1619 -9.7049
-4.8675 1.1619 -9.5190
-5.2545 1.1619 -9.3167
-5.6327 1.1619 -9.0983
-6.0014 1.1619 -8.8644
-6.3599 1.1619 -8.6151
-6.7077 1.1619 -8.3511
-7.0442 1.1619 -8.0728
-7.3687 1.1619 -7.7806
-7.6807 1.1619 -7.4751
-7.9796 1.1619 -7.1568
-8.2649 1.1619 -6.8263
-8.5361 1.1619 -6.4841
-8.7928 1.1619 -6.1308
-9.0344 1.1619 -5.7671
-9.2606 1.1619 -5.3936
-9.4710 1.1619 -5.0109
-9.6651 1.1619 -4.6198
-9.8427 1.1619 -4.2209
-10.0035 1.1619 -3.8149
-10.1471 1.1619 -3.4026
-10.2733 1.1619 -2.9845
-10.3819 1.1619 -2.5616
-10.4727 1.1619 -2.1345
-10.5455 1.1619 -1.7039
-10.6002 1.1619 -1.2707
-10.6367 1.1619 -0.8356
-10.6550 1.1619 -0.3993
-10.6550 1.1619 0.0373
-10.6367 1.1619 0.4736
-10.6002 1.1619 0.9087
-10.5455 1.1619 1.3420
-10.4727 1.1619 1.7725
-10.3819 1.1619 2.1996
-10.2733 1.1619 2.6225
-10.1471 1.1619 3.0406
-10.0035 1.1619 3.4529
-9.8427 1.1619 3.8589
-9.6651 1.1619 4.2578
-9.4710 1.1619 4.6490
-9.2606 1.1619 5.0316
-9.0344 1.1619 5.4051
-8.7927 1.1619 5.7688
-8.5361 1.1619 6.1221
-8.2649 1.1619 6.4643
-7.9795 1.1619 6.7948
-7.6806 1.1619 7.1131
-7.3686 1.1619 7.4186
-7.0441 1.1619 7.7108
-6.7077 1.1619 7.9891
-6.3599 1.1619 8.2531
-6.0013 1.1619 8.5023
-5.6326 1.1619 8.7363
-5.2545 1.1619 8.9546
-4.8675 1.1619 9.1569
-4.4724 1.1619 9.3429
-4.0699 1.1619 9.5121
-3.6606 1.1619 9.6643
-3.2453 1.1619 9.7992
-2.8248 1.1619 9.9166
-2.3996 1.1619 10.0163
-1.9707 1.1619 10.0982
-1.5387 1.1619 10.1619
-1.1045 1.1619 10.2076
-0.6687 1.1619 10.2350
-0.2321 1.1619 10.2441
0.2044 1.1619 10.2350
0.6402 1.1619 10.2076
1.0745 1.1619 10.1619
1.5065 1.1619 10.0981
1.9354 1.1619 10.0163
2.3605 1.1619 9.9166
2.7811 1.1619 9.7992
3.1963 1.1619 9.6643
3.6056 1.1619 9.5121
4.0081 1.1619 9.3428
4.4032 1.1619 9.1569
4.7902 1.1619 8.9546
5.1684 1.1619 8.7363
5.5370 1.1619 8.5023
5.8956 1.1619 8.2531
6.2434 1.1619 7.9891
6.5799 1.1619 7.7108
6.9044 1.1619 7.4186
7.2163 1.1619 7.1131
7.5152 1.1619 6.7948
7.8006 1.1619 6.4642
8.0718 1.1619 6.1220
8.3285 1.1619 5.7688
8.5701 1.1619 5.4051
8.7963 1.1619 5.0316
9.0067 1.1619 4.6489
9.2008 1.1619 4.2578
9.3784 1.1619 3.8589
9.5392 1.1619 3.4529
9.6828 1.1619 3.0406
9.8090 1.1619 2.6225
9.9176 1.1619 2.1996
10.0083 1.1619 1.7725
10.0812 1.1619 1.3420
10.1359 1.1619 0.9087
10.1724 1.1619 0.4736
10.1907 1.1619 0.0373
10.1907 1.1619 -0.3993
10.1724 1.1619 -0.8356
10.1359 1.1619 -1.2707
10.0812 1.1619 -1.7039
10.0084 1.1619 -2.1345
9.9176 1.1619 -2.5616
9.8090 1.1619 -2.9845
9.6828 1.1619 -3.4025
9.5392 1.1619 -3.8149
9.3784 1.1619 -4.2209
9.2008 1.1619 -4.6198
9.0067 1.1619 -5.0109
8.7963 1.1619 -5.3936
8.5701 1.1619 -5.7671
8.3285 1.1619 -6.1308
8.0718 1.1619 -6.4840
7.8006 1.1619 -6.8262
7.5153 1.1619 -7.1568
7.2164 1.1619 -7.4751
6.9044 1.1619 -7.7806
6.5799 1.1619 -8.0728
6.2435 1.1619 -8.3511
5.8957 1.1619 -8.6151
5.5371 1.1619 -8.8643
5.1684 1.1619 -9.0983
4.7903 1.1619 -9.3166
4.4033 1.1619 -9.5189
4.0082 1.1619 -9.7048
3.6057 1.1619 -9.8741
3.1964 1.1619 -10.0263
2.7811 1.1619 -10.1612
2.3606 1.1619 -10.2786
1.9354 1.1619 -10.3783
1.5065 1.1619 -10.4602
1.0746 1.1619 -10.5240
0.6403 1.1619 -10.5696
0.2045 1.1619 -10.5970
-0.2322 0.2453 -11.3179
-0.6985 0.2453 -11.3081
-1.1641 0.2453 -11.2788
-1.6280 0.2453 -11.2301
-2.0894 0.2453 -11.1619
-2.5476 0.2453 -11.0745
-3.0018 0.2453 -10.9680
-3.4511 0.2453 -10.8426
-3.8947 0.2453 -10.6984
-4.3319 0.2453 -10.5358
-4.7619 0.2453 -10.3551
-5.1840 0.2453 -10.1564
-5.5974 0.2453 -9.9403
-6.0014 0.2453 -9.7071
-6.3952 0.2453 -9.4571
-6.7782 0.2453 -9.1909
-7.1498 0.2453 -8.9089
-7.5092 0.2453 -8.6116
-7.8559 0.2453 -8.2994
-8.1891 0.2453 -7.9731
-8.5085 0.2453 -7.6330
-8.8133 0.2453 -7.2799
-9.1030 0.2453 -6.9143
-9.3772 0.2453 -6.5370
-9.6353 0.2453 -6.1484
-9.8770 0.2453 -5.7494
-10.1017 0.2453 -5.3407
-10.3091 0.2453 -4.9229
-10.4988 0.2453 -4.4967
-10.6705 0.2453 -4.0630
-10.8239 0.2453 -3.6225
-10.9588 0.2453 -3.1759
-11.0748 0.2453 -2.7241
-11.1718 0.2453 -2.2678
-11.2495 0.2453 -1.8079
-11.3080 0.2453 -1.3451
-11.3470 0.2453 -0.8803
-11.3666 0.2453 -0.4142
-11.3666 0.2453 0.0522
-11.3470 0.2453 0.5183
-11.3080 0.2453 0.9831
-11.2495 0.2453 1.4459
-11.1717 0.2453 1.9059
-11.0748 0.2453 2.3621
-10.9588 0.2453 2.8139
-10.8239 0.2453 3.2605
-10.6705 0.2453 3.7010
-10.4988 0.2453 4.1347
-10.3091 0.2453 4.5609
-10.1017 0.2453 4.9787
-9.8769 0.2453 5.3875
-9.6353 0.2453 5.7864
-9.3772 0.2453 6.1750
-9.1030 0.2453 6.5524
-8.8132 0.2453 6.9179
-8.5084 0.2453 7.2710
-8.1891 0.2453 7.6111
-7.8558 0.2453 7.9374
-7.5092 0.2453 8.2496
-7.1498 0.2453 8.5469
-6.7782 0.2453 8.8289
-6.3952 0.2453 9.0951
-6.0013 0.2453 9.3451
-5.5973 0.2453 9.5783
-5.1840 0.2453 9.7944
-4.7619 0.2453 9.9930
-4.3319 0.2453 10.1738
-3.8947 0.2453 10.3364
-3.4510 0.2453 10.4805
-3.0017 0.2453 10.6060
-2.5476 0.2453 10.7125
-2.0894 0.2453 10.7999
-1.6279 0.2453 10.8680
-1.1640 0.2453 10.9168
-0.6985 0.2453 10.9461
-0.2321 0.2453 10.9558
0.2342 0.2453 10.9461
0.6998 0.2453 10.9168
1.1637 0.2453 10.8680
1.6251 0.2453 10.7999
2.0833 0.2453 10.7125
2.5375 0.2453 10.6060
2.9868 0.2453 10.4805
3.4304 0.2453 10.3364
3.8676 0.2453 10.1738
4.2976 0.2453 9.9930
4.7197 0.2453 9.7944
5.1331 0.2453 9.5783
5.5370 0.2453 9.3451
5.9309 0.2453 9.0951
6.3139 0.2453 8.8289
6.6855 0.2453 8.5469
7.0449 0.2453 8.2495
7.3915 0.2453 7.9374
7.7248 0.2453 7.6110
8.0441 0.2453 7.2710
8.3489 0.2453 6.9179
8.6387 0.2453 6.5523
8.9129 0.2453 6.1750
9.1710 0.2453 5.7864
9.4126 0.2453 5.3874
9.6374 0.2453 4.9787
9.8448 0.2453 4.5608
10.0345 0.2453 4.1347
10.2062 0.2453 3.7010
10.3596 0.2453 3.2605
10.4944 0.2453 2.8139
10.6105 0.2453 2.3621
10.7074 0.2453 1.9059
10.7852 0.2453 1.4459
10.8437 0.2453 0.9831
10.8827 0.2453 0.5183
10.9023 0.2453 0.0523
10.9023 0.2453 -0.4142
10.8827 0.2453 -0.8803
10.8437 0.2453 -1.3451
10.7852 0.2453 -1.8079
10.7075 0.2453 -2.2678
10.6105 0.2453 -2.7241
10.4945 0.2453 -3.1759
10.3596 0.2453 -3.6225
10.2062 0.2453 -4.0630
10.0345 0.2453 -4.4967
9.8448 0.2453 -4.9228
9.6374 0.2453 -5.3406
9.4127 0.2453 -5.7494
9.1710 0.2453 -6.1484
8.9129 0.2453 -6.5369
8.6387 0.2453 -6.9143
8.3490 0.2453 -7.2799
8.0442 0.2453 -7.6330
7.7249 0.2453 -7.9730
7.3916 0.2453 -8.2994
7.0450 0.2453 -8.6115
6.6855 0.2453 -8.9089
6.3140 0.2453 -9.1909
5.9310 0.2453 -9.4571
5.5371 0.2453 -9.7071
5.1331 0.2453 -9.9403
4.7198 0.2453 -10.1564
4.2977 0.2453 -10.3550
3.8677 0.2453 -10.5358
3.4305 0.2453 -10.6984
2.9868 0.2453 -10.8425
2.5376 0.2453 -10.9680
2.0834 0.2453 -11.0745
1.6252 0.2453 -11.1619
1.1638 0.2453 -11.2301
0.6998 0.2453 -11.2788
0.2343 0.2453 -11.3081